Cube_4
Vertices:
(-1 -1 1)
(1 -1 1)
(1 -1 -1)
(-1 -1 -1)
(-1 3,0789999449253 1)
(1 3,0789999449253 1)
(1 3,0789999449253 -1)
(-1 3,0789999449253 -1)
(0 -1 1,26999999284745)
(1,29699999213219 -1 0)
(0 -1 -1,26099999308586)
(-1,25199999332428 -1 0)
(-1 0 1)
(1 0 1)
(1 0 -1)
(-1 0 -1)
(0 3,0789999449253 1,40499998927117)
(1,41399998903275 3,0789999449253 0)
(0 3,0789999449253 -1,40499998927117)
(-1,49499998688698 3,0789999449253 0)

Edge_0 8
Edge_8 1
Edge_1 13
Edge_13 5
Edge_5 16
Edge_16 4
Edge_4 12
Edge_12 0
Edge_1 9
Edge_9 2
Edge_2 14
Edge_14 6
Edge_6 17
Edge_17 5
Edge_3 10
Edge_10 2
Edge_6 18
Edge_18 7
Edge_7 15
Edge_15 3
Edge_0 11
Edge_11 3
Edge_7 19
Edge_19 4

Facet_0 8 1 13 5 16 4 12 PlusZ Cube_4
Facet_1 9 2 14 6 17 5 13 PlusX Cube_4
Facet_3 10 2 14 6 18 7 15 MinusZ Cube_4
Facet_0 11 3 15 7 19 4 12 MinusX Cube_4
Facet_4 16 5 17 6 18 7 19 PlusY Cube_4
Facet_0 8 1 9 2 10 3 11 MinusY Cube_4
OuterVertices 0 1 2 3 4 5 6 7 8 9 10 11 12 13 14 15 16 17 18 19 

