Cube_5
Vertices:
(-1,29699999213219 -1 1,22499999403954)
(1,29699999213219 -1 1,23399999380112)
(1,27899999260903 -1 -1,29699999213219)
(-1,29699999213219 -1 -1,26099999308586)
(-0,100000023841859 2,89899994969368 0,100000023841859)
(0,0460000252723729 2,89899994969368 0,100000023841858)
(0,0820000243186963 2,89899994969368 -0,0280000257492076)
(-0,0460000252723708 2,89899994969368 -0,0820000243186967)
(0 -1 1,23399999380112)
(1 -1 0)
(0 -1 -1)
(-1 -1 0)
(-1 0 1)
(1 0 1)
(1 0 -1)
(-1 0 -1)
(0 2,89899994969368 0,0820000243186974)
(0,073000024557117 2,89899994969368 0)
(0 2,89899994969368 -0,100000023841859)
(-0,118000023365023 2,89899994969368 0)

Edge_0 8
Edge_8 1
Edge_1 13
Edge_13 5
Edge_5 16
Edge_16 4
Edge_4 12
Edge_12 0
Edge_1 9
Edge_9 2
Edge_2 14
Edge_14 6
Edge_6 17
Edge_17 5
Edge_3 10
Edge_10 2
Edge_6 18
Edge_18 7
Edge_7 15
Edge_15 3
Edge_0 11
Edge_11 3
Edge_7 19
Edge_19 4

Facet_0 8 1 13 5 16 4 12 PlusZ Cube_5
Facet_1 9 2 14 6 17 5 13 PlusX Cube_5
Facet_3 10 2 14 6 18 7 15 MinusZ Cube_5
Facet_0 11 3 15 7 19 4 12 MinusX Cube_5
Facet_4 16 5 17 6 18 7 19 PlusY Cube_5
Facet_0 8 1 9 2 10 3 11 MinusY Cube_5
OuterVertices 0 1 2 3 4 5 6 7 8 9 10 11 12 13 14 15 16 17 18 19 

