ComplexStructure_1
Cube_2
Vertices:
(4 4,00899999976158 9)
(6 4,00899999976158 9)
(6 4,00899999976158 7)
(4 4,00899999976158 7)
(4 6,00899999976158 9)
(6 6,00899999976158 9)
(6 6,00899999976158 7)
(4 6,00899999976158 7)
(5 4,00899999976158 9)
(6 4,00899999976158 8)
(5 4,00899999976158 7)
(4 4,00899999976158 8)
(4 5,00899999976158 9)
(6 5,00899999976158 9)
(6 5,00899999976158 7)
(4 5,00899999976158 7)
(5 6,00899999976158 9)
(6 6,00899999976158 8)
(5 6,00899999976158 7)
(4 6,00899999976158 8)

Edge_0 8
Edge_8 1
Edge_1 13
Edge_13 5
Edge_5 16
Edge_16 4
Edge_4 12
Edge_12 0
Edge_1 9
Edge_9 2
Edge_2 14
Edge_14 6
Edge_6 17
Edge_17 5
Edge_3 10
Edge_10 2
Edge_6 18
Edge_18 7
Edge_7 15
Edge_15 3
Edge_0 11
Edge_11 3
Edge_7 19
Edge_19 4

Facet_0 8 1 13 5 16 4 12 PlusZ Cube_2
Facet_1 9 2 14 6 17 5 13 PlusX Cube_2
Facet_3 10 2 14 6 18 7 15 MinusZ Cube_2
Facet_0 11 3 15 7 19 4 12 MinusX Cube_2
Facet_4 16 5 17 6 18 7 19 PlusY Cube_2
Facet_0 8 1 9 2 10 3 11 MinusY Cube_2
Cube_1
Vertices:
(6 4,00899999976158 9)
(8 4,00899999976158 9)
(8 4,00899999976158 7)
(6 4,00899999976158 7)
(6 6,00899999976158 9)
(8 6,00899999976158 9)
(8 6,00899999976158 7)
(6 6,00899999976158 7)
(7 4,00899999976158 9)
(8 4,00899999976158 8)
(7 4,00899999976158 7)
(6 4,00899999976158 8)
(6 5,00899999976158 9)
(8 5,00899999976158 9)
(8 5,00899999976158 7)
(6 5,00899999976158 7)
(7 6,00899999976158 9)
(8 6,00899999976158 8)
(7 6,00899999976158 7)
(6 6,00899999976158 8)

Edge_0 8
Edge_8 1
Edge_1 13
Edge_13 5
Edge_5 16
Edge_16 4
Edge_4 12
Edge_12 0
Edge_1 9
Edge_9 2
Edge_2 14
Edge_14 6
Edge_6 17
Edge_17 5
Edge_3 10
Edge_10 2
Edge_6 18
Edge_18 7
Edge_7 15
Edge_15 3
Edge_0 11
Edge_11 3
Edge_7 19
Edge_19 4

Facet_0 8 1 13 5 16 4 12 PlusZ Cube_1
Facet_1 9 2 14 6 17 5 13 PlusX Cube_1
Facet_3 10 2 14 6 18 7 15 MinusZ Cube_1
Facet_0 11 3 15 7 19 4 12 MinusX Cube_1
Facet_4 16 5 17 6 18 7 19 PlusY Cube_1
Facet_0 8 1 9 2 10 3 11 MinusY Cube_1
Cube_3
Vertices:
(4 6,00899999976158 9)
(6 6,00899999976158 9)
(6 6,00899999976158 7)
(4 6,00899999976158 7)
(4 8,00899999976158 9)
(6 8,00899999976158 9)
(6 8,00899999976158 7)
(4 8,00899999976158 7)
(5 6,00899999976158 9)
(6 6,00899999976158 8)
(5 6,00899999976158 7)
(4 6,00899999976158 8)
(4 7,00899999976158 9)
(6 7,00899999976158 9)
(6 7,00899999976158 7)
(4 7,00899999976158 7)
(5 8,00899999976158 9)
(6 8,00899999976158 8)
(5 8,00899999976158 7)
(4 8,00899999976158 8)

Edge_0 8
Edge_8 1
Edge_1 13
Edge_13 5
Edge_5 16
Edge_16 4
Edge_4 12
Edge_12 0
Edge_1 9
Edge_9 2
Edge_2 14
Edge_14 6
Edge_6 17
Edge_17 5
Edge_3 10
Edge_10 2
Edge_6 18
Edge_18 7
Edge_7 15
Edge_15 3
Edge_0 11
Edge_11 3
Edge_7 19
Edge_19 4

Facet_0 8 1 13 5 16 4 12 PlusZ Cube_3
Facet_1 9 2 14 6 17 5 13 PlusX Cube_3
Facet_3 10 2 14 6 18 7 15 MinusZ Cube_3
Facet_0 11 3 15 7 19 4 12 MinusX Cube_3
Facet_4 16 5 17 6 18 7 19 PlusY Cube_3
Facet_0 8 1 9 2 10 3 11 MinusY Cube_3
Cube_3
Vertices:
(6 6,00899999976158 9)
(8 6,00899999976158 9)
(8 6,00899999976158 7)
(6 6,00899999976158 7)
(6 8,00899999976158 9)
(8 8,00899999976158 9)
(8 8,00899999976158 7)
(6 8,00899999976158 7)
(7 6,00899999976158 9)
(8 6,00899999976158 8)
(7 6,00899999976158 7)
(6 6,00899999976158 8)
(6 7,00899999976158 9)
(8 7,00899999976158 9)
(8 7,00899999976158 7)
(6 7,00899999976158 7)
(7 8,00899999976158 9)
(8 8,00899999976158 8)
(7 8,00899999976158 7)
(6 8,00899999976158 8)

Edge_0 8
Edge_8 1
Edge_1 13
Edge_13 5
Edge_5 16
Edge_16 4
Edge_4 12
Edge_12 0
Edge_1 9
Edge_9 2
Edge_2 14
Edge_14 6
Edge_6 17
Edge_17 5
Edge_3 10
Edge_10 2
Edge_6 18
Edge_18 7
Edge_7 15
Edge_15 3
Edge_0 11
Edge_11 3
Edge_7 19
Edge_19 4

Facet_0 8 1 13 5 16 4 12 PlusZ Cube_3
Facet_1 9 2 14 6 17 5 13 PlusX Cube_3
Facet_3 10 2 14 6 18 7 15 MinusZ Cube_3
Facet_0 11 3 15 7 19 4 12 MinusX Cube_3
Facet_4 16 5 17 6 18 7 19 PlusY Cube_3
Facet_0 8 1 9 2 10 3 11 MinusY Cube_3
Attaching Cube_2 1 Cube_1 -1
Attaching Cube_2 4 Cube_3 -1
Attaching Cube_3 1 Cube_3 3
End of Structure
ComplexStructure_2
Cube_2
Vertices:
(4 4,00899999976158 9)
(6 4,00899999976158 9)
(6 4,00899999976158 7)
(4 4,00899999976158 7)
(4 6,00899999976158 9)
(6 6,00899999976158 9)
(6 6,00899999976158 7)
(4 6,00899999976158 7)
(5 4,00899999976158 9)
(6 4,00899999976158 8)
(5 4,00899999976158 7)
(4 4,00899999976158 8)
(4 5,00899999976158 9)
(6 5,00899999976158 9)
(6 5,00899999976158 7)
(4 5,00899999976158 7)
(5 6,00899999976158 9)
(6 6,00899999976158 8)
(5 6,00899999976158 7)
(4 6,00899999976158 8)

Edge_0 8
Edge_8 1
Edge_1 13
Edge_13 5
Edge_5 16
Edge_16 4
Edge_4 12
Edge_12 0
Edge_1 9
Edge_9 2
Edge_2 14
Edge_14 6
Edge_6 17
Edge_17 5
Edge_3 10
Edge_10 2
Edge_6 18
Edge_18 7
Edge_7 15
Edge_15 3
Edge_0 11
Edge_11 3
Edge_7 19
Edge_19 4

Facet_0 8 1 13 5 16 4 12 PlusZ Cube_2
Facet_1 9 2 14 6 17 5 13 PlusX Cube_2
Facet_3 10 2 14 6 18 7 15 MinusZ Cube_2
Facet_0 11 3 15 7 19 4 12 MinusX Cube_2
Facet_4 16 5 17 6 18 7 19 PlusY Cube_2
Facet_0 8 1 9 2 10 3 11 MinusY Cube_2
Cube_1
Vertices:
(6 4,00899999976158 9)
(8 4,00899999976158 9)
(8 4,00899999976158 7)
(6 4,00899999976158 7)
(6 6,00899999976158 9)
(8 6,00899999976158 9)
(8 6,00899999976158 7)
(6 6,00899999976158 7)
(7 4,00899999976158 9)
(8 4,00899999976158 8)
(7 4,00899999976158 7)
(6 4,00899999976158 8)
(6 5,00899999976158 9)
(8 5,00899999976158 9)
(8 5,00899999976158 7)
(6 5,00899999976158 7)
(7 6,00899999976158 9)
(8 6,00899999976158 8)
(7 6,00899999976158 7)
(6 6,00899999976158 8)

Edge_0 8
Edge_8 1
Edge_1 13
Edge_13 5
Edge_5 16
Edge_16 4
Edge_4 12
Edge_12 0
Edge_1 9
Edge_9 2
Edge_2 14
Edge_14 6
Edge_6 17
Edge_17 5
Edge_3 10
Edge_10 2
Edge_6 18
Edge_18 7
Edge_7 15
Edge_15 3
Edge_0 11
Edge_11 3
Edge_7 19
Edge_19 4

Facet_0 8 1 13 5 16 4 12 PlusZ Cube_1
Facet_1 9 2 14 6 17 5 13 PlusX Cube_1
Facet_3 10 2 14 6 18 7 15 MinusZ Cube_1
Facet_0 11 3 15 7 19 4 12 MinusX Cube_1
Facet_4 16 5 17 6 18 7 19 PlusY Cube_1
Facet_0 8 1 9 2 10 3 11 MinusY Cube_1
Cube_3
Vertices:
(4 6,00899999976158 9)
(6 6,00899999976158 9)
(6 6,00899999976158 7)
(4 6,00899999976158 7)
(4 8,00899999976158 9)
(6 8,00899999976158 9)
(6 8,00899999976158 7)
(4 8,00899999976158 7)
(5 6,00899999976158 9)
(6 6,00899999976158 8)
(5 6,00899999976158 7)
(4 6,00899999976158 8)
(4 7,00899999976158 9)
(6 7,00899999976158 9)
(6 7,00899999976158 7)
(4 7,00899999976158 7)
(5 8,00899999976158 9)
(6 8,00899999976158 8)
(5 8,00899999976158 7)
(4 8,00899999976158 8)

Edge_0 8
Edge_8 1
Edge_1 13
Edge_13 5
Edge_5 16
Edge_16 4
Edge_4 12
Edge_12 0
Edge_1 9
Edge_9 2
Edge_2 14
Edge_14 6
Edge_6 17
Edge_17 5
Edge_3 10
Edge_10 2
Edge_6 18
Edge_18 7
Edge_7 15
Edge_15 3
Edge_0 11
Edge_11 3
Edge_7 19
Edge_19 4

Facet_0 8 1 13 5 16 4 12 PlusZ Cube_3
Facet_1 9 2 14 6 17 5 13 PlusX Cube_3
Facet_3 10 2 14 6 18 7 15 MinusZ Cube_3
Facet_0 11 3 15 7 19 4 12 MinusX Cube_3
Facet_4 16 5 17 6 18 7 19 PlusY Cube_3
Facet_0 8 1 9 2 10 3 11 MinusY Cube_3
Cube_3
Vertices:
(6 6,00899999976158 9)
(8 6,00899999976158 9)
(8 6,00899999976158 7)
(6 6,00899999976158 7)
(6 8,00899999976158 9)
(8 8,00899999976158 9)
(8 8,00899999976158 7)
(6 8,00899999976158 7)
(7 6,00899999976158 9)
(8 6,00899999976158 8)
(7 6,00899999976158 7)
(6 6,00899999976158 8)
(6 7,00899999976158 9)
(8 7,00899999976158 9)
(8 7,00899999976158 7)
(6 7,00899999976158 7)
(7 8,00899999976158 9)
(8 8,00899999976158 8)
(7 8,00899999976158 7)
(6 8,00899999976158 8)

Edge_0 8
Edge_8 1
Edge_1 13
Edge_13 5
Edge_5 16
Edge_16 4
Edge_4 12
Edge_12 0
Edge_1 9
Edge_9 2
Edge_2 14
Edge_14 6
Edge_6 17
Edge_17 5
Edge_3 10
Edge_10 2
Edge_6 18
Edge_18 7
Edge_7 15
Edge_15 3
Edge_0 11
Edge_11 3
Edge_7 19
Edge_19 4

Facet_0 8 1 13 5 16 4 12 PlusZ Cube_3
Facet_1 9 2 14 6 17 5 13 PlusX Cube_3
Facet_3 10 2 14 6 18 7 15 MinusZ Cube_3
Facet_0 11 3 15 7 19 4 12 MinusX Cube_3
Facet_4 16 5 17 6 18 7 19 PlusY Cube_3
Facet_0 8 1 9 2 10 3 11 MinusY Cube_3
Attaching Cube_2 1 Cube_1 -1
Attaching Cube_2 4 Cube_3 -1
Attaching Cube_3 1 Cube_3 3
End of Structure

