ComplexStructure_8
Cube_2
Vertices:
(4 4 9)
(6 4 9)
(6,75149998009203 4 6,94195000153782)
(4 4 7)
(4,46799998760223 6 8,63550000965596)
(6,03209999914964 6 8,82495000463724)
(6,42857691172351 6 6,79248077472815)
(4,25259999330836 6 6,96220000100136)
(5 4 9)
(6 4 8)
(5 4 7)
(4 4 8)
(4,08099999785423 5 8,92800000190735)
(6 5 9)
(6,58949998438357 5 6,82675000458956)
(4 5 7)
(5,18899999499321 6 8,72550000727177)
(6,03209999914964 6 8,05894999843836)
(5,07559999799728 6 6,96220000100136)
(4,31499999165534 6 7,9055000025034)

Edge_0 8
Edge_8 1
Edge_1 13
Edge_13 5
Edge_5 16
Edge_16 4
Edge_4 12
Edge_12 0
Edge_1 9
Edge_9 2
Edge_2 14
Edge_14 6
Edge_6 17
Edge_17 5
Edge_3 10
Edge_10 2
Edge_6 18
Edge_18 7
Edge_7 15
Edge_15 3
Edge_0 11
Edge_11 3
Edge_7 19
Edge_19 4

Facet_0 8 1 13 5 16 4 12 PlusZ Cube_2
Facet_1 9 2 14 6 17 5 13 PlusX Cube_2
Facet_3 10 2 14 6 18 7 15 MinusZ Cube_2
Facet_0 11 3 15 7 19 4 12 MinusX Cube_2
Facet_4 16 5 17 6 18 7 19 PlusY Cube_2
Facet_0 8 1 9 2 10 3 11 MinusY Cube_2
OuterVertices 0 1 2 3 4 5 6 7 8 9 10 11 12 13 14 15 16 17 18 19 
Cube_1
Vertices:
(6 4 9)
(8 4 9)
(7,11800002336503 4 7)
(6,75149998009203 4 6,94195000153782)
(6,03209999914964 6 8,82495000463724)
(7,89650000274182 6 8,78400000572205)
(7,35940261437265 6 6,94949350783147)
(6,42857691172351 6 6,79248077472815)
(7 4 9)
(8 4 8)
(7 4 7)
(6 4 8)
(6 5 9)
(8 5 9)
(7,23500002026559 5 7)
(6,58949998438357 5 6,82675000458956)
(6,79300000548363 6 8,9505000013113)
(7,89650000274182 6 8,04049999892712)
(6,89650000274182 6 7,10124999731779)
(6,03209999914964 6 8,05894999843836)

Edge_0 8
Edge_8 1
Edge_1 13
Edge_13 5
Edge_5 16
Edge_16 4
Edge_4 12
Edge_12 0
Edge_1 9
Edge_9 2
Edge_2 14
Edge_14 6
Edge_6 17
Edge_17 5
Edge_3 10
Edge_10 2
Edge_6 18
Edge_18 7
Edge_7 15
Edge_15 3
Edge_0 11
Edge_11 3
Edge_7 19
Edge_19 4

Facet_0 8 1 13 5 16 4 12 PlusZ Cube_1
Facet_1 9 2 14 6 17 5 13 PlusX Cube_1
Facet_3 10 2 14 6 18 7 15 MinusZ Cube_1
Facet_0 11 3 15 7 19 4 12 MinusX Cube_1
Facet_4 16 5 17 6 18 7 19 PlusY Cube_1
Facet_0 8 1 9 2 10 3 11 MinusY Cube_1
OuterVertices 0 1 2 3 4 5 6 7 8 9 10 11 12 13 14 15 16 17 18 19 
Cube_3
Vertices:
(8 4 9)
(10 4 9)
(10 4 7)
(7,11800002336503 4 7)
(7,89650000274182 6 8,78400000572205)
(9,73000000715256 6 8,73900000691414)
(9,89650000274182 6 7)
(7,35940261437265 6 6,94949350783147)
(9 4 9)
(10 4 8)
(9 4 7)
(8 4 8)
(8 5 9)
(9,89200000286102 5 8,86500000357628)
(10 5 7)
(7,23500002026559 5 7)
(9 6 8,75700000643731)
(9,91000000238419 6 8)
(9 6 7)
(7,89650000274182 6 8,04049999892712)

Edge_0 8
Edge_8 1
Edge_1 13
Edge_13 5
Edge_5 16
Edge_16 4
Edge_4 12
Edge_12 0
Edge_1 9
Edge_9 2
Edge_2 14
Edge_14 6
Edge_6 17
Edge_17 5
Edge_3 10
Edge_10 2
Edge_6 18
Edge_18 7
Edge_7 15
Edge_15 3
Edge_0 11
Edge_11 3
Edge_7 19
Edge_19 4

Facet_0 8 1 13 5 16 4 12 PlusZ Cube_3
Facet_1 9 2 14 6 17 5 13 PlusX Cube_3
Facet_3 10 2 14 6 18 7 15 MinusZ Cube_3
Facet_0 11 3 15 7 19 4 12 MinusX Cube_3
Facet_4 16 5 17 6 18 7 19 PlusY Cube_3
Facet_0 8 1 9 2 10 3 11 MinusY Cube_3
OuterVertices 0 1 2 3 4 5 6 7 8 9 10 11 12 13 14 15 16 17 18 19 
Cube_4
Vertices:
(6,75149998009203 4 6,94195000153782)
(7,11800002336503 4 7)
(6,98525002688171 4 6,7279999542236)
(6,7694999796152 4 6,62449995696542)
(6,42857691172351 6 6,79248077472815)
(7,35940261437265 6 6,94949350783147)
(7,26787339601812 6 6,42335061164471)
(6,47972691036849 6 6,04235574161776)
(7 4 7)
(7,22600002050401 4 6,80099997878073)
(6,96400000095367 4 6,65599995613096)
(6,67949998199939 4 6,76049997985362)
(6,58949998438357 5 6,82675000458956)
(7,23500002026559 5 7)
(7,11125002354385 5 6,44899996161458)
(6,37799998998641 5 6,41749996244905)
(6,89650000274182 6 7,10124999731779)
(7,46000001430512 6 6,67049998223781)
(6,91675000220537 6 6,00124997347592)
(6,3419999909401 6 6,42119998884201)

Edge_0 8
Edge_8 1
Edge_1 13
Edge_13 5
Edge_5 16
Edge_16 4
Edge_4 12
Edge_12 0
Edge_1 9
Edge_9 2
Edge_2 14
Edge_14 6
Edge_6 17
Edge_17 5
Edge_3 10
Edge_10 2
Edge_6 18
Edge_18 7
Edge_7 15
Edge_15 3
Edge_0 11
Edge_11 3
Edge_7 19
Edge_19 4

Facet_0 8 1 13 5 16 4 12 PlusZ Cube_4
Facet_1 9 2 14 6 17 5 13 PlusX Cube_4
Facet_3 10 2 14 6 18 7 15 MinusZ Cube_4
Facet_0 11 3 15 7 19 4 12 MinusX Cube_4
Facet_4 16 5 17 6 18 7 19 PlusY Cube_4
Facet_0 8 1 9 2 10 3 11 MinusY Cube_4
OuterVertices 0 1 2 3 4 5 6 7 8 9 10 11 12 13 14 15 16 17 18 19 
Cube_5
Vertices:
(4 4 7)
(6,75149998009203 4 6,94195000153782)
(6,7694999796152 4 6,62449995696542)
(4 4 5)
(4,25259999330836 6 6,96220000100136)
(6,42857691172351 6 6,79248077472815)
(6,47972691036849 6 6,04235574161776)
(4,27224999278783 6 5,07874999791384)
(5 4 7)
(6,67949998199939 4 6,76049997985362)
(5 4 5)
(4 4 6)
(4 5 7)
(6,58949998438357 5 6,82675000458956)
(6,37799998998641 5 6,41749996244905)
(4 5 5)
(5,07559999799728 6 6,96220000100136)
(6,3419999909401 6 6,42119998884201)
(5,12374999672174 6 5,07874999791384)
(4,13499999642372 6 6)

Edge_0 8
Edge_8 1
Edge_1 13
Edge_13 5
Edge_5 16
Edge_16 4
Edge_4 12
Edge_12 0
Edge_1 9
Edge_9 2
Edge_2 14
Edge_14 6
Edge_6 17
Edge_17 5
Edge_3 10
Edge_10 2
Edge_6 18
Edge_18 7
Edge_7 15
Edge_15 3
Edge_0 11
Edge_11 3
Edge_7 19
Edge_19 4

Facet_0 8 1 13 5 16 4 12 PlusZ Cube_5
Facet_1 9 2 14 6 17 5 13 PlusX Cube_5
Facet_3 10 2 14 6 18 7 15 MinusZ Cube_5
Facet_0 11 3 15 7 19 4 12 MinusX Cube_5
Facet_4 16 5 17 6 18 7 19 PlusY Cube_5
Facet_0 8 1 9 2 10 3 11 MinusY Cube_5
OuterVertices 0 1 2 3 4 5 6 7 8 9 10 11 12 13 14 15 16 17 18 19 
Cube_6
Vertices:
(6,7694999796152 4 6,62449995696542)
(6,98525002688171 4 6,7279999542236)
(7,73450000703335 4 4,19699996829031)
(5,98200000047684 4 4,03499997258185)
(6,47972691036849 6 6,04235574161776)
(7,26787339601812 6 6,42335061164471)
(7,48775001357 6 4,32944996478155)
(6,02024999946356 6 4,10812497064471)
(6,96400000095367 4 6,65599995613096)
(7,73450000703335 4 5,19699996829031)
(6,98200000047684 4 4,03499997258185)
(5,98200000047684 4 5,03499997258185)
(6,37799998998641 5 6,41749996244905)
(7,11125002354385 5 6,44899996161458)
(7,73450000703335 5 4,19699996829031)
(5,98200000047684 5 4,03499997258185)
(6,91675000220537 6 6,00124997347592)
(7,48775001357 6 5,36274996389944)
(6,85150000393391 6 4,19249996840952)
(6,02024999946356 6 4,75262498006224)

Edge_0 8
Edge_8 1
Edge_1 13
Edge_13 5
Edge_5 16
Edge_16 4
Edge_4 12
Edge_12 0
Edge_1 9
Edge_9 2
Edge_2 14
Edge_14 6
Edge_6 17
Edge_17 5
Edge_3 10
Edge_10 2
Edge_6 18
Edge_18 7
Edge_7 15
Edge_15 3
Edge_0 11
Edge_11 3
Edge_7 19
Edge_19 4

Facet_0 8 1 13 5 16 4 12 PlusZ Cube_6
Facet_1 9 2 14 6 17 5 13 PlusX Cube_6
Facet_3 10 2 14 6 18 7 15 MinusZ Cube_6
Facet_0 11 3 15 7 19 4 12 MinusX Cube_6
Facet_4 16 5 17 6 18 7 19 PlusY Cube_6
Facet_0 8 1 9 2 10 3 11 MinusY Cube_6
OuterVertices 0 1 2 3 4 5 6 7 8 9 10 11 12 13 14 15 16 17 18 19 
Cube_7
Vertices:
(4 4 5)
(6,7694999796152 4 6,62449995696542)
(5,98200000047684 4 4,03499997258185)
(3,98200000047684 4 4,03499997258185)
(4,27224999278783 6 5,07874999791384)
(6,47972691036849 6 6,04235574161776)
(6,02024999946356 6 4,10812497064471)
(4,34199999094009 6 4,14749996960162)
(5 4 5)
(5,98200000047684 4 5,03499997258185)
(4,98200000047684 4 4,03499997258185)
(3,98200000047684 4 5,03499997258185)
(4 5 5)
(6,37799998998641 5 6,41749996244905)
(5,98200000047684 5 4,03499997258185)
(4,0989999973774 5 4,03499997258185)
(5,12374999672174 6 5,07874999791384)
(6,02024999946356 6 4,75262498006224)
(5,22949999392033 6 4,51649995982645)
(4,44549998819828 6 4,87749997675418)

Edge_0 8
Edge_8 1
Edge_1 13
Edge_13 5
Edge_5 16
Edge_16 4
Edge_4 12
Edge_12 0
Edge_1 9
Edge_9 2
Edge_2 14
Edge_14 6
Edge_6 17
Edge_17 5
Edge_3 10
Edge_10 2
Edge_6 18
Edge_18 7
Edge_7 15
Edge_15 3
Edge_0 11
Edge_11 3
Edge_7 19
Edge_19 4

Facet_0 8 1 13 5 16 4 12 PlusZ Cube_7
Facet_1 9 2 14 6 17 5 13 PlusX Cube_7
Facet_3 10 2 14 6 18 7 15 MinusZ Cube_7
Facet_0 11 3 15 7 19 4 12 MinusX Cube_7
Facet_4 16 5 17 6 18 7 19 PlusY Cube_7
Facet_0 8 1 9 2 10 3 11 MinusY Cube_7
OuterVertices 0 1 2 3 4 5 6 7 8 9 10 11 12 13 14 15 16 17 18 19 
Cube_8
Vertices:
(7,11800002336503 4 7)
(10 4 7)
(9,94600000143052 4 6,35899996399877)
(6,98525002688171 4 6,7279999542236)
(7,35940261437265 6 6,94949350783147)
(9,89650000274182 6 7)
(9,9055000025034 6 6,35899996399877)
(7,26787339601812 6 6,42335061164471)
(9 4 7)
(9,48700001358987 4 7,35899996399877)
(8,48700001358987 4 6,35899996399877)
(7,22600002050401 4 6,80099997878073)
(7,23500002026559 5 7)
(10 5 7)
(9,99100000023842 5 6,35899996399877)
(7,11125002354385 5 6,44899996161458)
(9 6 7)
(9,91900000214577 6 6,71099998116492)
(8,48700001358987 6 6,35899996399877)
(7,46000001430512 6 6,67049998223781)

Edge_0 8
Edge_8 1
Edge_1 13
Edge_13 5
Edge_5 16
Edge_16 4
Edge_4 12
Edge_12 0
Edge_1 9
Edge_9 2
Edge_2 14
Edge_14 6
Edge_6 17
Edge_17 5
Edge_3 10
Edge_10 2
Edge_6 18
Edge_18 7
Edge_7 15
Edge_15 3
Edge_0 11
Edge_11 3
Edge_7 19
Edge_19 4

Facet_0 8 1 13 5 16 4 12 PlusZ Cube_8
Facet_1 9 2 14 6 17 5 13 PlusX Cube_8
Facet_3 10 2 14 6 18 7 15 MinusZ Cube_8
Facet_0 11 3 15 7 19 4 12 MinusX Cube_8
Facet_4 16 5 17 6 18 7 19 PlusY Cube_8
Facet_0 8 1 9 2 10 3 11 MinusY Cube_8
OuterVertices 0 1 2 3 4 5 6 7 8 9 10 11 12 13 14 15 16 17 18 19 
Cube_9
Vertices:
(6,98525002688171 4 6,7279999542236)
(9,94600000143052 4 6,35899996399877)
(9,48700001358987 4 4,35899996399877)
(7,73450000703335 4 4,19699996829031)
(7,26787339601812 6 6,42335061164471)
(9,9055000025034 6 6,35899996399877)
(9,21700002074243 6 4,69199995517728)
(7,48775001357 6 4,32944996478155)
(8,48700001358987 4 6,35899996399877)
(9,48700001358987 4 5,35899996399877)
(8,48700001358987 4 4,35899996399877)
(7,73450000703335 4 5,19699996829031)
(7,11125002354385 5 6,44899996161458)
(9,99100000023842 5 6,35899996399877)
(9,48700001358987 5 4,42199996232984)
(7,73450000703335 5 4,19699996829031)
(8,48700001358987 6 6,35899996399877)
(9,48700001358987 6 5,35899996399877)
(8,48700001358987 6 4,439999961853)
(7,48775001357 6 5,36274996389944)

Edge_0 8
Edge_8 1
Edge_1 13
Edge_13 5
Edge_5 16
Edge_16 4
Edge_4 12
Edge_12 0
Edge_1 9
Edge_9 2
Edge_2 14
Edge_14 6
Edge_6 17
Edge_17 5
Edge_3 10
Edge_10 2
Edge_6 18
Edge_18 7
Edge_7 15
Edge_15 3
Edge_0 11
Edge_11 3
Edge_7 19
Edge_19 4

Facet_0 8 1 13 5 16 4 12 PlusZ Cube_9
Facet_1 9 2 14 6 17 5 13 PlusX Cube_9
Facet_3 10 2 14 6 18 7 15 MinusZ Cube_9
Facet_0 11 3 15 7 19 4 12 MinusX Cube_9
Facet_4 16 5 17 6 18 7 19 PlusY Cube_9
Facet_0 8 1 9 2 10 3 11 MinusY Cube_9
OuterVertices 0 1 2 3 4 5 6 7 8 9 10 11 12 13 14 15 16 17 18 19 
Cube_10
Vertices:
(6,42857691172351 6 6,79248077472815)
(7,35940261437265 6 6,94949350783147)
(7,26787339601812 6 6,42335061164471)
(6,47972691036849 6 6,04235574161776)
(6,18899999499321 8 7,12509999668601)
(7,82750000456969 8 7,07049999813239)
(7,69625000804665 8 6,05974997192618)
(6,34199999094007 8 5,56437498504915)
(6,89650000274182 6 7,10124999731779)
(7,46000001430512 6 6,67049998223781)
(6,91675000220537 6 6,00124997347592)
(6,3419999909401 6 6,42119998884201)
(6,39599998950958 7 6,71650000751019)
(7,62050001005332 7 6,83650000433127)
(7,56125001162291 7 6,11374997049569)
(6,41999998887379 7 5,56137498512863)
(7 8 7,39149998962879)
(8 8 6,33299999117851)
(7 8 5,58049998462199)
(6 8 6,29699999213218)

Edge_0 8
Edge_8 1
Edge_1 13
Edge_13 5
Edge_5 16
Edge_16 4
Edge_4 12
Edge_12 0
Edge_1 9
Edge_9 2
Edge_2 14
Edge_14 6
Edge_6 17
Edge_17 5
Edge_3 10
Edge_10 2
Edge_6 18
Edge_18 7
Edge_7 15
Edge_15 3
Edge_0 11
Edge_11 3
Edge_7 19
Edge_19 4

Facet_0 8 1 13 5 16 4 12 PlusZ Cube_10
Facet_1 9 2 14 6 17 5 13 PlusX Cube_10
Facet_3 10 2 14 6 18 7 15 MinusZ Cube_10
Facet_0 11 3 15 7 19 4 12 MinusX Cube_10
Facet_4 16 5 17 6 18 7 19 PlusY Cube_10
Facet_0 8 1 9 2 10 3 11 MinusY Cube_10
OuterVertices 0 1 2 3 4 5 6 7 8 9 10 11 12 13 14 15 16 17 18 19 
Cube_11
Vertices:
(6,03209999914964 6 8,82495000463724)
(7,89650000274182 6 8,78400000572205)
(7,35940261437265 6 6,94949350783147)
(6,42857691172351 6 6,79248077472815)
(6,18899999499321 8 8,19000002145768)
(7,65500000913938 8 8,19000002145768)
(7,82750000456969 8 7,07049999813239)
(6,18899999499321 8 7,12509999668601)
(6,79300000548363 6 8,9505000013113)
(7,89650000274182 6 8,04049999892712)
(6,89650000274182 6 7,10124999731779)
(6,03209999914964 6 8,05894999843836)
(6,21599999427795 7 8,56350001156331)
(7,81700000484785 7 8,55900001168252)
(7,62050001005332 7 6,83650000433127)
(6,39599998950958 7 6,71650000751019)
(6,58600001096726 8 8,25300001978875)
(7,65500000913938 8 7,74800000667572)
(7 8 7,39149998962879)
(6,12599999666214 8 7,98200000047684)

Edge_0 8
Edge_8 1
Edge_1 13
Edge_13 5
Edge_5 16
Edge_16 4
Edge_4 12
Edge_12 0
Edge_1 9
Edge_9 2
Edge_2 14
Edge_14 6
Edge_6 17
Edge_17 5
Edge_3 10
Edge_10 2
Edge_6 18
Edge_18 7
Edge_7 15
Edge_15 3
Edge_0 11
Edge_11 3
Edge_7 19
Edge_19 4

Facet_0 8 1 13 5 16 4 12 PlusZ Cube_11
Facet_1 9 2 14 6 17 5 13 PlusX Cube_11
Facet_3 10 2 14 6 18 7 15 MinusZ Cube_11
Facet_0 11 3 15 7 19 4 12 MinusX Cube_11
Facet_4 16 5 17 6 18 7 19 PlusY Cube_11
Facet_0 8 1 9 2 10 3 11 MinusY Cube_11
OuterVertices 0 1 2 3 4 5 6 7 8 9 10 11 12 13 14 15 16 17 18 19 
Cube_12
Vertices:
(4,25259999330836 6 6,96220000100136)
(6,42857691172351 6 6,79248077472815)
(6,47972691036849 6 6,04235574161776)
(4,27224999278783 6 5,07874999791384)
(4,80549997866153 8 6,68500000834466)
(6,18899999499321 8 7,12509999668601)
(6,34199999094007 8 5,56437498504915)
(4,79199997901915 8 5,40499998927116)
(5,07559999799728 6 6,96220000100136)
(6,3419999909401 6 6,42119998884201)
(5,12374999672174 6 5,07874999791384)
(4,13499999642372 6 6)
(4,50399998664855 7 6,81100000500679)
(6,39599998950958 7 6,71650000751019)
(6,41999998887379 7 5,56137498512863)
(4,49499998688697 7 5,31499999165534)
(5,35099999070167 8 7)
(6 8 6,29699999213218)
(5,33299999117851 8 5,42299998879432)
(4,78299997925757 8 6)

Edge_0 8
Edge_8 1
Edge_1 13
Edge_13 5
Edge_5 16
Edge_16 4
Edge_4 12
Edge_12 0
Edge_1 9
Edge_9 2
Edge_2 14
Edge_14 6
Edge_6 17
Edge_17 5
Edge_3 10
Edge_10 2
Edge_6 18
Edge_18 7
Edge_7 15
Edge_15 3
Edge_0 11
Edge_11 3
Edge_7 19
Edge_19 4

Facet_0 8 1 13 5 16 4 12 PlusZ Cube_12
Facet_1 9 2 14 6 17 5 13 PlusX Cube_12
Facet_3 10 2 14 6 18 7 15 MinusZ Cube_12
Facet_0 11 3 15 7 19 4 12 MinusX Cube_12
Facet_4 16 5 17 6 18 7 19 PlusY Cube_12
Facet_0 8 1 9 2 10 3 11 MinusY Cube_12
OuterVertices 0 1 2 3 4 5 6 7 8 9 10 11 12 13 14 15 16 17 18 19 
Cube_13
Vertices:
(4,46799998760223 6 8,63550000965596)
(6,03209999914964 6 8,82495000463724)
(6,42857691172351 6 6,79248077472815)
(4,25259999330836 6 6,96220000100136)
(5,01699997305868 8 7,95600002765657)
(6,18899999499321 8 8,19000002145768)
(6,18899999499321 8 7,12509999668601)
(4,80549997866153 8 6,68500000834466)
(5,18899999499321 6 8,72550000727177)
(6,03209999914964 6 8,05894999843836)
(5,07559999799728 6 6,96220000100136)
(4,31499999165534 6 7,9055000025034)
(4,69299998164176 7 8,44200001478196)
(6,21599999427795 7 8,56350001156331)
(6,39599998950958 7 6,71650000751019)
(4,50399998664855 7 6,81100000500679)
(5,50399998664855 8 8,12700002312662)
(6,12599999666214 8 7,98200000047684)
(5,35099999070167 8 7)
(4,79199997901915 8 7,64900000929833)

Edge_0 8
Edge_8 1
Edge_1 13
Edge_13 5
Edge_5 16
Edge_16 4
Edge_4 12
Edge_12 0
Edge_1 9
Edge_9 2
Edge_2 14
Edge_14 6
Edge_6 17
Edge_17 5
Edge_3 10
Edge_10 2
Edge_6 18
Edge_18 7
Edge_7 15
Edge_15 3
Edge_0 11
Edge_11 3
Edge_7 19
Edge_19 4

Facet_0 8 1 13 5 16 4 12 PlusZ Cube_13
Facet_1 9 2 14 6 17 5 13 PlusX Cube_13
Facet_3 10 2 14 6 18 7 15 MinusZ Cube_13
Facet_0 11 3 15 7 19 4 12 MinusX Cube_13
Facet_4 16 5 17 6 18 7 19 PlusY Cube_13
Facet_0 8 1 9 2 10 3 11 MinusY Cube_13
OuterVertices 0 1 2 3 4 5 6 7 8 9 10 11 12 13 14 15 16 17 18 19 
Cube_14
Vertices:
(6,47972691036849 6 6,04235574161776)
(7,26787339601812 6 6,42335061164471)
(7,48775001357 6 4,32944996478155)
(6,02024999946356 6 4,10812497064471)
(6,34199999094007 8 5,56437498504915)
(7,69625000804665 8 6,05974997192618)
(7,40150001585484 8 4,70849995474019)
(6,02099999944369 8 4,53224995940921)
(6,91675000220537 6 6,00124997347592)
(7,48775001357 6 5,36274996389944)
(6,85150000393391 6 4,19249996840952)
(6,02024999946356 6 4,75262498006224)
(6,41999998887379 7 5,56137498512863)
(7,56125001162291 7 6,11374997049569)
(7,40150001585484 7 4,58249995807805)
(6,02099999944369 7 4,32074996501205)
(7 8 5,58049998462199)
(7,69400000810623 8 5,54649995903173)
(6,72100000739098 8 4,65599995613096)
(6,02099999944369 8 4,99224997371434)

Edge_0 8
Edge_8 1
Edge_1 13
Edge_13 5
Edge_5 16
Edge_16 4
Edge_4 12
Edge_12 0
Edge_1 9
Edge_9 2
Edge_2 14
Edge_14 6
Edge_6 17
Edge_17 5
Edge_3 10
Edge_10 2
Edge_6 18
Edge_18 7
Edge_7 15
Edge_15 3
Edge_0 11
Edge_11 3
Edge_7 19
Edge_19 4

Facet_0 8 1 13 5 16 4 12 PlusZ Cube_14
Facet_1 9 2 14 6 17 5 13 PlusX Cube_14
Facet_3 10 2 14 6 18 7 15 MinusZ Cube_14
Facet_0 11 3 15 7 19 4 12 MinusX Cube_14
Facet_4 16 5 17 6 18 7 19 PlusY Cube_14
Facet_0 8 1 9 2 10 3 11 MinusY Cube_14
OuterVertices 0 1 2 3 4 5 6 7 8 9 10 11 12 13 14 15 16 17 18 19 
Cube_15
Vertices:
(4,27224999278783 6 5,07874999791384)
(6,47972691036849 6 6,04235574161776)
(6,02024999946356 6 4,10812497064471)
(4,34199999094009 6 4,14749996960162)
(4,79199997901915 8 5,40499998927116)
(6,34199999094007 8 5,56437498504915)
(6,02099999944369 8 4,53224995940921)
(4,93599997520445 8 4,60199995756147)
(5,12374999672174 6 5,07874999791384)
(6,02024999946356 6 4,75262498006224)
(5,22949999392033 6 4,51649995982645)
(4,44549998819828 6 4,87749997675418)
(4,49499998688697 7 5,31499999165534)
(6,41999998887379 7 5,56137498512863)
(6,02099999944369 7 4,32074996501205)
(4,64799998283385 7 4,33199996471403)
(5,33299999117851 8 5,42299998879432)
(6,02099999944369 8 4,99224997371434)
(5,49499998688697 8 4,53899995923041)
(4,85499997735022 8 4,98999997377394)

Edge_0 8
Edge_8 1
Edge_1 13
Edge_13 5
Edge_5 16
Edge_16 4
Edge_4 12
Edge_12 0
Edge_1 9
Edge_9 2
Edge_2 14
Edge_14 6
Edge_6 17
Edge_17 5
Edge_3 10
Edge_10 2
Edge_6 18
Edge_18 7
Edge_7 15
Edge_15 3
Edge_0 11
Edge_11 3
Edge_7 19
Edge_19 4

Facet_0 8 1 13 5 16 4 12 PlusZ Cube_15
Facet_1 9 2 14 6 17 5 13 PlusX Cube_15
Facet_3 10 2 14 6 18 7 15 MinusZ Cube_15
Facet_0 11 3 15 7 19 4 12 MinusX Cube_15
Facet_4 16 5 17 6 18 7 19 PlusY Cube_15
Facet_0 8 1 9 2 10 3 11 MinusY Cube_15
OuterVertices 0 1 2 3 4 5 6 7 8 9 10 11 12 13 14 15 16 17 18 19 
Cube_16
Vertices:
(7,35940261437265 6 6,94949350783147)
(9,89650000274182 6 7)
(9,9055000025034 6 6,35899996399877)
(7,26787339601812 6 6,42335061164471)
(7,82750000456969 8 7,07049999813239)
(9,53200001239777 8 7)
(9,50050001323224 8 6,23299996733664)
(7,69625000804665 8 6,05974997192618)
(9 6 7)
(9,91900000214577 6 6,71099998116492)
(8,48700001358987 6 6,35899996399877)
(7,46000001430512 6 6,67049998223781)
(7,62050001005332 7 6,83650000433127)
(9,71650000751019 7 7)
(9,71650000751019 7 6,30499996542929)
(7,56125001162291 7 6,11374997049569)
(8,60850001037121 8 7)
(9,55900001168252 8 6,62999998331069)
(8,55450001180173 8 6,14299996972083)
(8 8 6,33299999117851)

Edge_0 8
Edge_8 1
Edge_1 13
Edge_13 5
Edge_5 16
Edge_16 4
Edge_4 12
Edge_12 0
Edge_1 9
Edge_9 2
Edge_2 14
Edge_14 6
Edge_6 17
Edge_17 5
Edge_3 10
Edge_10 2
Edge_6 18
Edge_18 7
Edge_7 15
Edge_15 3
Edge_0 11
Edge_11 3
Edge_7 19
Edge_19 4

Facet_0 8 1 13 5 16 4 12 PlusZ Cube_16
Facet_1 9 2 14 6 17 5 13 PlusX Cube_16
Facet_3 10 2 14 6 18 7 15 MinusZ Cube_16
Facet_0 11 3 15 7 19 4 12 MinusX Cube_16
Facet_4 16 5 17 6 18 7 19 PlusY Cube_16
Facet_0 8 1 9 2 10 3 11 MinusY Cube_16
OuterVertices 0 1 2 3 4 5 6 7 8 9 10 11 12 13 14 15 16 17 18 19 
Cube_17
Vertices:
(7,26787339601812 6 6,42335061164471)
(9,9055000025034 6 6,35899996399877)
(9,21700002074243 6 4,69199995517728)
(7,48775001357 6 4,32944996478155)
(7,69625000804665 8 6,05974997192618)
(9,50050001323224 8 6,23299996733664)
(8,88400002956393 8 5,00699994683262)
(7,40150001585484 8 4,70849995474019)
(8,48700001358987 6 6,35899996399877)
(9,48700001358987 6 5,35899996399877)
(8,48700001358987 6 4,439999961853)
(7,48775001357 6 5,36274996389944)
(7,56125001162291 7 6,11374997049569)
(9,71650000751019 7 6,30499996542929)
(9,21700002074243 7 4,81799995183942)
(7,40150001585484 7 4,58249995807805)
(8,55450001180173 8 6,14299996972083)
(9,21700002074243 8 5,69199995517728)
(8,21700002074243 8 4,77299995303151)
(7,69400000810623 8 5,54649995903173)

Edge_0 8
Edge_8 1
Edge_1 13
Edge_13 5
Edge_5 16
Edge_16 4
Edge_4 12
Edge_12 0
Edge_1 9
Edge_9 2
Edge_2 14
Edge_14 6
Edge_6 17
Edge_17 5
Edge_3 10
Edge_10 2
Edge_6 18
Edge_18 7
Edge_7 15
Edge_15 3
Edge_0 11
Edge_11 3
Edge_7 19
Edge_19 4

Facet_0 8 1 13 5 16 4 12 PlusZ Cube_17
Facet_1 9 2 14 6 17 5 13 PlusX Cube_17
Facet_3 10 2 14 6 18 7 15 MinusZ Cube_17
Facet_0 11 3 15 7 19 4 12 MinusX Cube_17
Facet_4 16 5 17 6 18 7 19 PlusY Cube_17
Facet_0 8 1 9 2 10 3 11 MinusY Cube_17
OuterVertices 0 1 2 3 4 5 6 7 8 9 10 11 12 13 14 15 16 17 18 19 
Cube_18
Vertices:
(7,89650000274182 6 8,78400000572205)
(9,73000000715256 6 8,73900000691414)
(9,89650000274182 6 7)
(7,35940261437265 6 6,94949350783147)
(7,65500000913938 8 8,19000002145768)
(9,26200001955034 8 8,23500002026559)
(9,53200001239777 8 7)
(7,82750000456969 8 7,07049999813239)
(9 6 8,75700000643731)
(9,91000000238419 6 8)
(9 6 7)
(7,89650000274182 6 8,04049999892712)
(7,81700000484785 7 8,55900001168252)
(9,51400001287461 7 8,51400001287461)
(9,71650000751019 7 7)
(7,62050001005332 7 6,83650000433127)
(8,48700001358987 8 8,19900002121927)
(9,4240000152588 8 7,75700000643731)
(8,60850001037121 8 7)
(7,65500000913938 8 7,74800000667572)

Edge_0 8
Edge_8 1
Edge_1 13
Edge_13 5
Edge_5 16
Edge_16 4
Edge_4 12
Edge_12 0
Edge_1 9
Edge_9 2
Edge_2 14
Edge_14 6
Edge_6 17
Edge_17 5
Edge_3 10
Edge_10 2
Edge_6 18
Edge_18 7
Edge_7 15
Edge_15 3
Edge_0 11
Edge_11 3
Edge_7 19
Edge_19 4

Facet_0 8 1 13 5 16 4 12 PlusZ Cube_18
Facet_1 9 2 14 6 17 5 13 PlusX Cube_18
Facet_3 10 2 14 6 18 7 15 MinusZ Cube_18
Facet_0 11 3 15 7 19 4 12 MinusX Cube_18
Facet_4 16 5 17 6 18 7 19 PlusY Cube_18
Facet_0 8 1 9 2 10 3 11 MinusY Cube_18
OuterVertices 0 1 2 3 4 5 6 7 8 9 10 11 12 13 14 15 16 17 18 19 
Cube_19
Vertices:
(6,18899999499321 8 7,12509999668601)
(7,82750000456969 8 7,07049999813239)
(7,69625000804665 8 6,05974997192618)
(6,34199999094007 8 5,56437498504915)
(5,69625000804665 10 7,70874998122451)
(7,69625000804665 10 7,83474997788665)
(7,84925000399353 10 5,63674998313185)
(5,69625000804665 10 5,47474998742339)
(7 8 7,39149998962879)
(8 8 6,33299999117851)
(7 8 5,58049998462199)
(6 8 6,29699999213218)
(5,69625000804665 9 7,70874998122451)
(7,69625000804665 9 7,83474997788665)
(7,69625000804665 9 5,61874998360869)
(5,96625000089408 9 5,51974998623131)
(6,69625000804665 10 8,05974997192618)
(8,16424999564887 10 7,05974997192618)
(6,69625000804665 10 5,38474998980758)
(5,22825002044442 10 7,05974997192618)

Edge_0 8
Edge_8 1
Edge_1 13
Edge_13 5
Edge_5 16
Edge_16 4
Edge_4 12
Edge_12 0
Edge_1 9
Edge_9 2
Edge_2 14
Edge_14 6
Edge_6 17
Edge_17 5
Edge_3 10
Edge_10 2
Edge_6 18
Edge_18 7
Edge_7 15
Edge_15 3
Edge_0 11
Edge_11 3
Edge_7 19
Edge_19 4

Facet_0 8 1 13 5 16 4 12 PlusZ Cube_19
Facet_1 9 2 14 6 17 5 13 PlusX Cube_19
Facet_3 10 2 14 6 18 7 15 MinusZ Cube_19
Facet_0 11 3 15 7 19 4 12 MinusX Cube_19
Facet_4 16 5 17 6 18 7 19 PlusY Cube_19
Facet_0 8 1 9 2 10 3 11 MinusY Cube_19
OuterVertices 0 1 2 3 4 5 6 7 8 9 10 11 12 13 14 15 16 17 18 19 

Cell 0 0 0 Cube_2
Cell 1 0 0 Cube_1
Cell 2 0 0 Cube_3
Cell 1 0 -1 Cube_4
Cell 0 0 -1 Cube_5
Cell 1 0 -2 Cube_6
Cell 0 0 -2 Cube_7
Cell 2 0 -1 Cube_8
Cell 2 0 -2 Cube_9
Cell 1 1 -1 Cube_10
Cell 1 1 0 Cube_11
Cell 0 1 -1 Cube_12
Cell 0 1 0 Cube_13
Cell 1 1 -2 Cube_14
Cell 0 1 -2 Cube_15
Cell 2 1 -1 Cube_16
Cell 2 1 -2 Cube_17
Cell 2 1 0 Cube_18
Cell 1 2 -1 Cube_19

Connection Cube_2 Cube_1 PlusX MinusX
Connection Cube_1 Cube_3 PlusX MinusX
Connection Cube_1 Cube_4 MinusZ PlusZ
Connection Cube_4 Cube_5 MinusX PlusX
Connection Cube_2 Cube_5 MinusZ PlusZ
Connection Cube_4 Cube_6 MinusZ PlusZ
Connection Cube_6 Cube_7 MinusX PlusX
Connection Cube_5 Cube_7 MinusZ PlusZ
Connection Cube_4 Cube_8 PlusX MinusX
Connection Cube_3 Cube_8 MinusZ PlusZ
Connection Cube_6 Cube_9 PlusX MinusX
Connection Cube_8 Cube_9 MinusZ PlusZ
Connection Cube_4 Cube_10 PlusY MinusY
Connection Cube_1 Cube_11 PlusY MinusY
Connection Cube_10 Cube_11 PlusZ MinusZ
Connection Cube_10 Cube_12 MinusX PlusX
Connection Cube_5 Cube_12 PlusY MinusY
Connection Cube_11 Cube_13 MinusX PlusX
Connection Cube_2 Cube_13 PlusY MinusY
Connection Cube_12 Cube_13 PlusZ MinusZ
Connection Cube_6 Cube_14 PlusY MinusY
Connection Cube_10 Cube_14 MinusZ PlusZ
Connection Cube_14 Cube_15 MinusX PlusX
Connection Cube_7 Cube_15 PlusY MinusY
Connection Cube_12 Cube_15 MinusZ PlusZ
Connection Cube_10 Cube_16 PlusX MinusX
Connection Cube_8 Cube_16 PlusY MinusY
Connection Cube_14 Cube_17 PlusX MinusX
Connection Cube_9 Cube_17 PlusY MinusY
Connection Cube_16 Cube_17 MinusZ PlusZ
Connection Cube_11 Cube_18 PlusX MinusX
Connection Cube_3 Cube_18 PlusY MinusY
Connection Cube_16 Cube_18 PlusZ MinusZ
Connection Cube_10 Cube_19 PlusY MinusY
End of Structure

