ComplexStructure_6
Cube_2
Vertices:
(4 4 9)
(6 4 9)
(6,75149998009203 4 6,94195000153782)
(4 4 7)
(4,46799998760223 6 8,63550000965596)
(6,03209999914964 6 8,82495000463724)
(6,42857691172351 6 6,79248077472815)
(4,25259999330836 6 6,96220000100136)
(5 4 9)
(6 4 8)
(5 4 7)
(4 4 8)
(4,08099999785423 5 8,92800000190735)
(6 5 9)
(6,58949998438357 5 6,82675000458956)
(4 5 7)
(5,18899999499321 6 8,72550000727177)
(6,03209999914964 6 8,05894999843836)
(5,07559999799728 6 6,96220000100136)
(4,31499999165534 6 7,9055000025034)

Edge_0 8
Edge_8 1
Edge_1 13
Edge_13 5
Edge_5 16
Edge_16 4
Edge_4 12
Edge_12 0
Edge_1 9
Edge_9 2
Edge_2 14
Edge_14 6
Edge_6 17
Edge_17 5
Edge_3 10
Edge_10 2
Edge_6 18
Edge_18 7
Edge_7 15
Edge_15 3
Edge_0 11
Edge_11 3
Edge_7 19
Edge_19 4

Facet_0 8 1 13 5 16 4 12 PlusZ Cube_2
Facet_1 9 2 14 6 17 5 13 PlusX Cube_2
Facet_3 10 2 14 6 18 7 15 MinusZ Cube_2
Facet_0 11 3 15 7 19 4 12 MinusX Cube_2
Facet_4 16 5 17 6 18 7 19 PlusY Cube_2
Facet_0 8 1 9 2 10 3 11 MinusY Cube_2
OuterVertices 0 1 2 3 4 5 6 7 8 9 10 11 12 13 14 15 16 17 18 19 
Cube_1
Vertices:
(6 4 9)
(8 4 9)
(7,11800002336503 4 7)
(6,75149998009203 4 6,94195000153782)
(6,03209999914964 6 8,82495000463724)
(7,86200000365575 6 8,87850000321865)
(7,34685716015953 6 7,05785714132445)
(6,42857691172351 6 6,79248077472815)
(7 4 9)
(8 4 8)
(7 4 7)
(6 4 8)
(6 5 9)
(8 5 9)
(7,23500002026559 5 7)
(6,58949998438357 5 6,82675000458956)
(6,79300000548363 6 8,9505000013113)
(7,86200000365575 6 8,13499999642372)
(6,89650000274182 6 7,10124999731779)
(6,03209999914964 6 8,05894999843836)

Edge_0 8
Edge_8 1
Edge_1 13
Edge_13 5
Edge_5 16
Edge_16 4
Edge_4 12
Edge_12 0
Edge_1 9
Edge_9 2
Edge_2 14
Edge_14 6
Edge_6 17
Edge_17 5
Edge_3 10
Edge_10 2
Edge_6 18
Edge_18 7
Edge_7 15
Edge_15 3
Edge_0 11
Edge_11 3
Edge_7 19
Edge_19 4

Facet_0 8 1 13 5 16 4 12 PlusZ Cube_1
Facet_1 9 2 14 6 17 5 13 PlusX Cube_1
Facet_3 10 2 14 6 18 7 15 MinusZ Cube_1
Facet_0 11 3 15 7 19 4 12 MinusX Cube_1
Facet_4 16 5 17 6 18 7 19 PlusY Cube_1
Facet_0 8 1 9 2 10 3 11 MinusY Cube_1
OuterVertices 0 1 2 3 4 5 6 7 8 9 10 11 12 13 14 15 16 17 18 19 
Cube_3
Vertices:
(8 4 9)
(10 4 9)
(10 4 7)
(7,11800002336503 4 7)
(7,86200000365575 6 8,87850000321865)
(9,73000000715256 6 8,73900000691414)
(9,89650000274182 6 7)
(7,34685716015953 6 7,05785714132445)
(9 4 9)
(10 4 8)
(9 4 7)
(8 4 8)
(8 5 9)
(10 5 9)
(10 5 7)
(7,23500002026559 5 7)
(9 6 8,75700000643731)
(9,91000000238419 6 8)
(9 6 7)
(7,86200000365575 6 8,13499999642372)

Edge_0 8
Edge_8 1
Edge_1 13
Edge_13 5
Edge_5 16
Edge_16 4
Edge_4 12
Edge_12 0
Edge_1 9
Edge_9 2
Edge_2 14
Edge_14 6
Edge_6 17
Edge_17 5
Edge_3 10
Edge_10 2
Edge_6 18
Edge_18 7
Edge_7 15
Edge_15 3
Edge_0 11
Edge_11 3
Edge_7 19
Edge_19 4

Facet_0 8 1 13 5 16 4 12 PlusZ Cube_3
Facet_1 9 2 14 6 17 5 13 PlusX Cube_3
Facet_3 10 2 14 6 18 7 15 MinusZ Cube_3
Facet_0 11 3 15 7 19 4 12 MinusX Cube_3
Facet_4 16 5 17 6 18 7 19 PlusY Cube_3
Facet_0 8 1 9 2 10 3 11 MinusY Cube_3
OuterVertices 0 1 2 3 4 5 6 7 8 9 10 11 12 13 14 15 16 17 18 19 
Cube_4
Vertices:
(6,75149998009203 4 6,94195000153782)
(7,11800002336503 4 7)
(6,98525002688171 4 6,7279999542236)
(6,7694999796152 4 6,62449995696542)
(6,42857691172351 6 6,79248077472815)
(7,34685716015953 6 7,05785714132445)
(7,32596430357015 6 6,42071424807818)
(6,47972691036849 6 6,04235574161776)
(7 4 7)
(7,22600002050401 4 6,80099997878073)
(6,96400000095367 4 6,65599995613096)
(6,67949998199939 4 6,76049997985362)
(6,58949998438357 5 6,82675000458956)
(7,23500002026559 5 7)
(7,11125002354385 5 6,44899996161458)
(6,37799998998641 5 6,41749996244905)
(6,89650000274182 6 7,10124999731779)
(7,46000001430512 6 6,83699997782706)
(6,91675000220537 6 6,00124997347592)
(6,3419999909401 6 6,42119998884201)

Edge_0 8
Edge_8 1
Edge_1 13
Edge_13 5
Edge_5 16
Edge_16 4
Edge_4 12
Edge_12 0
Edge_1 9
Edge_9 2
Edge_2 14
Edge_14 6
Edge_6 17
Edge_17 5
Edge_3 10
Edge_10 2
Edge_6 18
Edge_18 7
Edge_7 15
Edge_15 3
Edge_0 11
Edge_11 3
Edge_7 19
Edge_19 4

Facet_0 8 1 13 5 16 4 12 PlusZ Cube_4
Facet_1 9 2 14 6 17 5 13 PlusX Cube_4
Facet_3 10 2 14 6 18 7 15 MinusZ Cube_4
Facet_0 11 3 15 7 19 4 12 MinusX Cube_4
Facet_4 16 5 17 6 18 7 19 PlusY Cube_4
Facet_0 8 1 9 2 10 3 11 MinusY Cube_4
OuterVertices 0 1 2 3 4 5 6 7 8 9 10 11 12 13 14 15 16 17 18 19 
Cube_5
Vertices:
(4 4 7)
(6,75149998009203 4 6,94195000153782)
(6,7694999796152 4 6,62449995696542)
(4 4 5)
(4,25259999330836 6 6,96220000100136)
(6,42857691172351 6 6,79248077472815)
(6,47972691036849 6 6,04235574161776)
(4,27224999278783 6 5,07874999791384)
(5 4 7)
(6,67949998199939 4 6,76049997985362)
(5 4 5)
(4 4 6)
(4 5 7)
(6,58949998438357 5 6,82675000458956)
(6,37799998998641 5 6,41749996244905)
(4 5 5)
(5,07559999799728 6 6,96220000100136)
(6,3419999909401 6 6,42119998884201)
(5,12374999672174 6 5,07874999791384)
(4,13499999642372 6 6)

Edge_0 8
Edge_8 1
Edge_1 13
Edge_13 5
Edge_5 16
Edge_16 4
Edge_4 12
Edge_12 0
Edge_1 9
Edge_9 2
Edge_2 14
Edge_14 6
Edge_6 17
Edge_17 5
Edge_3 10
Edge_10 2
Edge_6 18
Edge_18 7
Edge_7 15
Edge_15 3
Edge_0 11
Edge_11 3
Edge_7 19
Edge_19 4

Facet_0 8 1 13 5 16 4 12 PlusZ Cube_5
Facet_1 9 2 14 6 17 5 13 PlusX Cube_5
Facet_3 10 2 14 6 18 7 15 MinusZ Cube_5
Facet_0 11 3 15 7 19 4 12 MinusX Cube_5
Facet_4 16 5 17 6 18 7 19 PlusY Cube_5
Facet_0 8 1 9 2 10 3 11 MinusY Cube_5
OuterVertices 0 1 2 3 4 5 6 7 8 9 10 11 12 13 14 15 16 17 18 19 
Cube_6
Vertices:
(6,7694999796152 4 6,62449995696542)
(6,98525002688171 4 6,7279999542236)
(7,73450000703335 4 4,19699996829031)
(5,98200000047684 4 4,03499997258185)
(6,47972691036849 6 6,04235574161776)
(7,32596430357015 6 6,42071424807818)
(7,64750000933807 6 4,30049996554849)
(6,02024999946356 6 4,10812497064471)
(6,96400000095367 4 6,65599995613096)
(7,73450000703335 4 5,19699996829031)
(6,98200000047684 4 4,03499997258185)
(5,98200000047684 4 5,03499997258185)
(6,37799998998641 5 6,41749996244905)
(7,11125002354385 5 6,44899996161458)
(7,73450000703335 5 4,19699996829031)
(5,98200000047684 5 4,03499997258185)
(6,91675000220537 6 6,00124997347592)
(7,64750000933807 6 5,1519999694824)
(6,85150000393391 6 4,19249996840952)
(6,02024999946356 6 4,75262498006224)

Edge_0 8
Edge_8 1
Edge_1 13
Edge_13 5
Edge_5 16
Edge_16 4
Edge_4 12
Edge_12 0
Edge_1 9
Edge_9 2
Edge_2 14
Edge_14 6
Edge_6 17
Edge_17 5
Edge_3 10
Edge_10 2
Edge_6 18
Edge_18 7
Edge_7 15
Edge_15 3
Edge_0 11
Edge_11 3
Edge_7 19
Edge_19 4

Facet_0 8 1 13 5 16 4 12 PlusZ Cube_6
Facet_1 9 2 14 6 17 5 13 PlusX Cube_6
Facet_3 10 2 14 6 18 7 15 MinusZ Cube_6
Facet_0 11 3 15 7 19 4 12 MinusX Cube_6
Facet_4 16 5 17 6 18 7 19 PlusY Cube_6
Facet_0 8 1 9 2 10 3 11 MinusY Cube_6
OuterVertices 0 1 2 3 4 5 6 7 8 9 10 11 12 13 14 15 16 17 18 19 
Cube_7
Vertices:
(4 4 5)
(6,7694999796152 4 6,62449995696542)
(5,98200000047684 4 4,03499997258185)
(3,98200000047684 4 4,03499997258185)
(4,27224999278783 6 5,07874999791384)
(6,47972691036849 6 6,04235574161776)
(6,02024999946356 6 4,10812497064471)
(4,34199999094009 6 4,14749996960162)
(5 4 5)
(5,98200000047684 4 5,03499997258185)
(4,98200000047684 4 4,03499997258185)
(3,98200000047684 4 5,03499997258185)
(4 5 5)
(6,37799998998641 5 6,41749996244905)
(5,98200000047684 5 4,03499997258185)
(4,0989999973774 5 4,03499997258185)
(5,12374999672174 6 5,07874999791384)
(6,02024999946356 6 4,75262498006224)
(5,22949999392033 6 4,51649995982645)
(4,44549998819828 6 4,87749997675418)

Edge_0 8
Edge_8 1
Edge_1 13
Edge_13 5
Edge_5 16
Edge_16 4
Edge_4 12
Edge_12 0
Edge_1 9
Edge_9 2
Edge_2 14
Edge_14 6
Edge_6 17
Edge_17 5
Edge_3 10
Edge_10 2
Edge_6 18
Edge_18 7
Edge_7 15
Edge_15 3
Edge_0 11
Edge_11 3
Edge_7 19
Edge_19 4

Facet_0 8 1 13 5 16 4 12 PlusZ Cube_7
Facet_1 9 2 14 6 17 5 13 PlusX Cube_7
Facet_3 10 2 14 6 18 7 15 MinusZ Cube_7
Facet_0 11 3 15 7 19 4 12 MinusX Cube_7
Facet_4 16 5 17 6 18 7 19 PlusY Cube_7
Facet_0 8 1 9 2 10 3 11 MinusY Cube_7
OuterVertices 0 1 2 3 4 5 6 7 8 9 10 11 12 13 14 15 16 17 18 19 
Cube_8
Vertices:
(7,11800002336503 4 7)
(10 4 7)
(9,94600000143052 4 6,35899996399877)
(6,98525002688171 4 6,7279999542236)
(7,34685716015953 6 7,05785714132445)
(9,89650000274182 6 7)
(9,9055000025034 6 6,35899996399877)
(7,32596430357015 6 6,42071424807818)
(9 4 7)
(9,48700001358987 4 7,35899996399877)
(8,48700001358987 4 6,35899996399877)
(7,22600002050401 4 6,80099997878073)
(7,23500002026559 5 7)
(10 5 7)
(9,99100000023842 5 6,35899996399877)
(7,11125002354385 5 6,44899996161458)
(9 6 7)
(9,91900000214577 6 6,71099998116492)
(8,48700001358987 6 6,35899996399877)
(7,46000001430512 6 6,83699997782706)

Edge_0 8
Edge_8 1
Edge_1 13
Edge_13 5
Edge_5 16
Edge_16 4
Edge_4 12
Edge_12 0
Edge_1 9
Edge_9 2
Edge_2 14
Edge_14 6
Edge_6 17
Edge_17 5
Edge_3 10
Edge_10 2
Edge_6 18
Edge_18 7
Edge_7 15
Edge_15 3
Edge_0 11
Edge_11 3
Edge_7 19
Edge_19 4

Facet_0 8 1 13 5 16 4 12 PlusZ Cube_8
Facet_1 9 2 14 6 17 5 13 PlusX Cube_8
Facet_3 10 2 14 6 18 7 15 MinusZ Cube_8
Facet_0 11 3 15 7 19 4 12 MinusX Cube_8
Facet_4 16 5 17 6 18 7 19 PlusY Cube_8
Facet_0 8 1 9 2 10 3 11 MinusY Cube_8
OuterVertices 0 1 2 3 4 5 6 7 8 9 10 11 12 13 14 15 16 17 18 19 
Cube_9
Vertices:
(6,98525002688171 4 6,7279999542236)
(9,94600000143052 4 6,35899996399877)
(9,48700001358987 4 4,35899996399877)
(7,73450000703335 4 4,19699996829031)
(7,32596430357015 6 6,42071424807818)
(9,9055000025034 6 6,35899996399877)
(9,21700002074243 6 4,69199995517728)
(7,64750000933807 6 4,30049996554849)
(8,48700001358987 4 6,35899996399877)
(9,48700001358987 4 5,35899996399877)
(8,48700001358987 4 4,35899996399877)
(7,73450000703335 4 5,19699996829031)
(7,11125002354385 5 6,44899996161458)
(9,99100000023842 5 6,35899996399877)
(9,48700001358987 5 4,42199996232984)
(7,73450000703335 5 4,19699996829031)
(8,48700001358987 6 6,35899996399877)
(9,48700001358987 6 5,35899996399877)
(8,48700001358987 6 4,439999961853)
(7,64750000933807 6 5,1519999694824)

Edge_0 8
Edge_8 1
Edge_1 13
Edge_13 5
Edge_5 16
Edge_16 4
Edge_4 12
Edge_12 0
Edge_1 9
Edge_9 2
Edge_2 14
Edge_14 6
Edge_6 17
Edge_17 5
Edge_3 10
Edge_10 2
Edge_6 18
Edge_18 7
Edge_7 15
Edge_15 3
Edge_0 11
Edge_11 3
Edge_7 19
Edge_19 4

Facet_0 8 1 13 5 16 4 12 PlusZ Cube_9
Facet_1 9 2 14 6 17 5 13 PlusX Cube_9
Facet_3 10 2 14 6 18 7 15 MinusZ Cube_9
Facet_0 11 3 15 7 19 4 12 MinusX Cube_9
Facet_4 16 5 17 6 18 7 19 PlusY Cube_9
Facet_0 8 1 9 2 10 3 11 MinusY Cube_9
OuterVertices 0 1 2 3 4 5 6 7 8 9 10 11 12 13 14 15 16 17 18 19 
Cube_10
Vertices:
(6,42857691172351 6 6,79248077472815)
(7,34685716015953 6 7,05785714132445)
(7,32596430357015 6 6,42071424807818)
(6,47972691036849 6 6,04235574161776)
(6,18899999499321 8 7,12509999668601)
(7,79300000548363 8 7,386999989748)
(8 8 5,88199997663497)
(6,34199999094007 8 5,56437498504915)
(6,89650000274182 6 7,10124999731779)
(7,46000001430512 6 6,83699997782706)
(6,91675000220537 6 6,00124997347592)
(6,3419999909401 6 6,42119998884201)
(6,39599998950958 7 6,71650000751019)
(7,58600001096726 7 7,15299999594688)
(7,72100000739098 7 6,12499997019766)
(6,41999998887379 7 5,56137498512863)
(7 8 7,52199998617171)
(8 8 6,66599998235701)
(7 8 5,76499997973441)
(6 8 6,29699999213218)

Edge_0 8
Edge_8 1
Edge_1 13
Edge_13 5
Edge_5 16
Edge_16 4
Edge_4 12
Edge_12 0
Edge_1 9
Edge_9 2
Edge_2 14
Edge_14 6
Edge_6 17
Edge_17 5
Edge_3 10
Edge_10 2
Edge_6 18
Edge_18 7
Edge_7 15
Edge_15 3
Edge_0 11
Edge_11 3
Edge_7 19
Edge_19 4

Facet_0 8 1 13 5 16 4 12 PlusZ Cube_10
Facet_1 9 2 14 6 17 5 13 PlusX Cube_10
Facet_3 10 2 14 6 18 7 15 MinusZ Cube_10
Facet_0 11 3 15 7 19 4 12 MinusX Cube_10
Facet_4 16 5 17 6 18 7 19 PlusY Cube_10
Facet_0 8 1 9 2 10 3 11 MinusY Cube_10
OuterVertices 0 1 2 3 4 5 6 7 8 9 10 11 12 13 14 15 16 17 18 19 
Cube_11
Vertices:
(6,03209999914964 6 8,82495000463724)
(7,86200000365575 6 8,87850000321865)
(7,34685716015953 6 7,05785714132445)
(6,42857691172351 6 6,79248077472815)
(6,18899999499321 8 8,19000002145768)
(7,58600001096726 8 8,25300001978875)
(7,79300000548363 8 7,386999989748)
(6,18899999499321 8 7,12509999668601)
(6,79300000548363 6 8,9505000013113)
(7,86200000365575 6 8,13499999642372)
(6,89650000274182 6 7,10124999731779)
(6,03209999914964 6 8,05894999843836)
(6,21599999427795 7 8,46000001430512)
(7,74800000667572 7 8,63100000977517)
(7,58600001096726 7 7,15299999594688)
(6,39599998950958 7 6,71650000751019)
(6,58600001096726 8 8,25300001978875)
(7,58600001096726 8 7,93700000166893)
(7 8 7,52199998617171)
(6,12599999666214 8 7,98200000047684)

Edge_0 8
Edge_8 1
Edge_1 13
Edge_13 5
Edge_5 16
Edge_16 4
Edge_4 12
Edge_12 0
Edge_1 9
Edge_9 2
Edge_2 14
Edge_14 6
Edge_6 17
Edge_17 5
Edge_3 10
Edge_10 2
Edge_6 18
Edge_18 7
Edge_7 15
Edge_15 3
Edge_0 11
Edge_11 3
Edge_7 19
Edge_19 4

Facet_0 8 1 13 5 16 4 12 PlusZ Cube_11
Facet_1 9 2 14 6 17 5 13 PlusX Cube_11
Facet_3 10 2 14 6 18 7 15 MinusZ Cube_11
Facet_0 11 3 15 7 19 4 12 MinusX Cube_11
Facet_4 16 5 17 6 18 7 19 PlusY Cube_11
Facet_0 8 1 9 2 10 3 11 MinusY Cube_11
OuterVertices 0 1 2 3 4 5 6 7 8 9 10 11 12 13 14 15 16 17 18 19 
Cube_12
Vertices:
(4,25259999330836 6 6,96220000100136)
(6,42857691172351 6 6,79248077472815)
(6,47972691036849 6 6,04235574161776)
(4,27224999278783 6 5,07874999791384)
(4,80549997866153 8 6,68500000834466)
(6,18899999499321 8 7,12509999668601)
(6,34199999094007 8 5,56437498504915)
(4,79199997901915 8 5,40499998927116)
(5,07559999799728 6 6,96220000100136)
(6,3419999909401 6 6,42119998884201)
(5,12374999672174 6 5,07874999791384)
(4,13499999642372 6 6)
(4,50399998664855 7 6,81100000500679)
(6,39599998950958 7 6,71650000751019)
(6,41999998887379 7 5,56137498512863)
(4,49499998688697 7 5,31499999165534)
(5,35099999070167 8 7)
(6 8 6,29699999213218)
(5,33299999117851 8 5,42299998879432)
(4,78299997925757 8 6)

Edge_0 8
Edge_8 1
Edge_1 13
Edge_13 5
Edge_5 16
Edge_16 4
Edge_4 12
Edge_12 0
Edge_1 9
Edge_9 2
Edge_2 14
Edge_14 6
Edge_6 17
Edge_17 5
Edge_3 10
Edge_10 2
Edge_6 18
Edge_18 7
Edge_7 15
Edge_15 3
Edge_0 11
Edge_11 3
Edge_7 19
Edge_19 4

Facet_0 8 1 13 5 16 4 12 PlusZ Cube_12
Facet_1 9 2 14 6 17 5 13 PlusX Cube_12
Facet_3 10 2 14 6 18 7 15 MinusZ Cube_12
Facet_0 11 3 15 7 19 4 12 MinusX Cube_12
Facet_4 16 5 17 6 18 7 19 PlusY Cube_12
Facet_0 8 1 9 2 10 3 11 MinusY Cube_12
OuterVertices 0 1 2 3 4 5 6 7 8 9 10 11 12 13 14 15 16 17 18 19 
Cube_13
Vertices:
(4,46799998760223 6 8,63550000965596)
(6,03209999914964 6 8,82495000463724)
(6,42857691172351 6 6,79248077472815)
(4,25259999330836 6 6,96220000100136)
(5,01699997305868 8 7,95600002765657)
(6,18899999499321 8 8,19000002145768)
(6,18899999499321 8 7,12509999668601)
(4,80549997866153 8 6,68500000834466)
(5,18899999499321 6 8,72550000727177)
(6,03209999914964 6 8,05894999843836)
(5,07559999799728 6 6,96220000100136)
(4,31499999165534 6 7,9055000025034)
(4,69299998164176 7 8,44200001478196)
(6,21599999427795 7 8,46000001430512)
(6,39599998950958 7 6,71650000751019)
(4,50399998664855 7 6,81100000500679)
(5,50399998664855 8 8,12700002312662)
(6,12599999666214 8 7,98200000047684)
(5,35099999070167 8 7)
(4,79199997901915 8 7,64900000929833)

Edge_0 8
Edge_8 1
Edge_1 13
Edge_13 5
Edge_5 16
Edge_16 4
Edge_4 12
Edge_12 0
Edge_1 9
Edge_9 2
Edge_2 14
Edge_14 6
Edge_6 17
Edge_17 5
Edge_3 10
Edge_10 2
Edge_6 18
Edge_18 7
Edge_7 15
Edge_15 3
Edge_0 11
Edge_11 3
Edge_7 19
Edge_19 4

Facet_0 8 1 13 5 16 4 12 PlusZ Cube_13
Facet_1 9 2 14 6 17 5 13 PlusX Cube_13
Facet_3 10 2 14 6 18 7 15 MinusZ Cube_13
Facet_0 11 3 15 7 19 4 12 MinusX Cube_13
Facet_4 16 5 17 6 18 7 19 PlusY Cube_13
Facet_0 8 1 9 2 10 3 11 MinusY Cube_13
OuterVertices 0 1 2 3 4 5 6 7 8 9 10 11 12 13 14 15 16 17 18 19 
Cube_14
Vertices:
(6,47972691036849 6 6,04235574161776)
(7,32596430357015 6 6,42071424807818)
(7,64750000933807 6 4,30049996554849)
(6,02024999946356 6 4,10812497064471)
(6,34199999094007 8 5,56437498504915)
(8 8 5,88199997663497)
(7,72100000739098 8 4,65599995613096)
(6,02099999944369 8 4,53224995940921)
(6,91675000220537 6 6,00124997347592)
(7,64750000933807 6 5,1519999694824)
(6,85150000393391 6 4,19249996840952)
(6,02024999946356 6 4,75262498006224)
(6,41999998887379 7 5,56137498512863)
(7,72100000739098 7 6,12499997019766)
(7,72100000739098 7 4,43999996185301)
(6,02099999944369 7 4,23974996715782)
(7 8 5,76499997973441)
(7,72100000739098 8 5,12499997019766)
(6,72100000739098 8 4,65599995613096)
(6,02099999944369 8 4,99224997371434)

Edge_0 8
Edge_8 1
Edge_1 13
Edge_13 5
Edge_5 16
Edge_16 4
Edge_4 12
Edge_12 0
Edge_1 9
Edge_9 2
Edge_2 14
Edge_14 6
Edge_6 17
Edge_17 5
Edge_3 10
Edge_10 2
Edge_6 18
Edge_18 7
Edge_7 15
Edge_15 3
Edge_0 11
Edge_11 3
Edge_7 19
Edge_19 4

Facet_0 8 1 13 5 16 4 12 PlusZ Cube_14
Facet_1 9 2 14 6 17 5 13 PlusX Cube_14
Facet_3 10 2 14 6 18 7 15 MinusZ Cube_14
Facet_0 11 3 15 7 19 4 12 MinusX Cube_14
Facet_4 16 5 17 6 18 7 19 PlusY Cube_14
Facet_0 8 1 9 2 10 3 11 MinusY Cube_14
OuterVertices 0 1 2 3 4 5 6 7 8 9 10 11 12 13 14 15 16 17 18 19 
Cube_15
Vertices:
(4,27224999278783 6 5,07874999791384)
(6,47972691036849 6 6,04235574161776)
(6,02024999946356 6 4,10812497064471)
(4,34199999094009 6 4,14749996960162)
(4,79199997901915 8 5,40499998927116)
(6,34199999094007 8 5,56437498504915)
(6,02099999944369 8 4,53224995940921)
(4,93599997520445 8 4,60199995756147)
(5,12374999672174 6 5,07874999791384)
(6,02024999946356 6 4,75262498006224)
(5,22949999392033 6 4,51649995982645)
(4,44549998819828 6 4,87749997675418)
(4,49499998688697 7 5,31499999165534)
(6,41999998887379 7 5,56137498512863)
(6,02099999944369 7 4,23974996715782)
(4,64799998283385 7 4,33199996471403)
(5,33299999117851 8 5,42299998879432)
(6,02099999944369 8 4,99224997371434)
(5,49499998688697 8 4,53899995923041)
(4,85499997735022 8 4,98999997377394)

Edge_0 8
Edge_8 1
Edge_1 13
Edge_13 5
Edge_5 16
Edge_16 4
Edge_4 12
Edge_12 0
Edge_1 9
Edge_9 2
Edge_2 14
Edge_14 6
Edge_6 17
Edge_17 5
Edge_3 10
Edge_10 2
Edge_6 18
Edge_18 7
Edge_7 15
Edge_15 3
Edge_0 11
Edge_11 3
Edge_7 19
Edge_19 4

Facet_0 8 1 13 5 16 4 12 PlusZ Cube_15
Facet_1 9 2 14 6 17 5 13 PlusX Cube_15
Facet_3 10 2 14 6 18 7 15 MinusZ Cube_15
Facet_0 11 3 15 7 19 4 12 MinusX Cube_15
Facet_4 16 5 17 6 18 7 19 PlusY Cube_15
Facet_0 8 1 9 2 10 3 11 MinusY Cube_15
OuterVertices 0 1 2 3 4 5 6 7 8 9 10 11 12 13 14 15 16 17 18 19 

Cell 0 0 0 Cube_2
Cell 1 0 0 Cube_1
Cell 2 0 0 Cube_3
Cell 1 0 -1 Cube_4
Cell 0 0 -1 Cube_5
Cell 1 0 -2 Cube_6
Cell 0 0 -2 Cube_7
Cell 2 0 -1 Cube_8
Cell 2 0 -2 Cube_9
Cell 1 1 -1 Cube_10
Cell 1 1 0 Cube_11
Cell 0 1 -1 Cube_12
Cell 0 1 0 Cube_13
Cell 1 1 -2 Cube_14
Cell 0 1 -2 Cube_15

Connection Cube_2 Cube_1 PlusX MinusX
Connection Cube_1 Cube_3 PlusX MinusX
Connection Cube_1 Cube_4 MinusZ PlusZ
Connection Cube_4 Cube_5 MinusX PlusX
Connection Cube_2 Cube_5 MinusZ PlusZ
Connection Cube_4 Cube_6 MinusZ PlusZ
Connection Cube_6 Cube_7 MinusX PlusX
Connection Cube_5 Cube_7 MinusZ PlusZ
Connection Cube_4 Cube_8 PlusX MinusX
Connection Cube_3 Cube_8 MinusZ PlusZ
Connection Cube_6 Cube_9 PlusX MinusX
Connection Cube_8 Cube_9 MinusZ PlusZ
Connection Cube_4 Cube_10 PlusY MinusY
Connection Cube_1 Cube_11 PlusY MinusY
Connection Cube_10 Cube_11 PlusZ MinusZ
Connection Cube_10 Cube_12 MinusX PlusX
Connection Cube_5 Cube_12 PlusY MinusY
Connection Cube_11 Cube_13 MinusX PlusX
Connection Cube_2 Cube_13 PlusY MinusY
Connection Cube_12 Cube_13 PlusZ MinusZ
Connection Cube_6 Cube_14 PlusY MinusY
Connection Cube_10 Cube_14 MinusZ PlusZ
Connection Cube_14 Cube_15 MinusX PlusX
Connection Cube_7 Cube_15 PlusY MinusY
Connection Cube_12 Cube_15 MinusZ PlusZ
End of Structure

