ComplexStructure_3
Cube_2
Vertices:
(4 4 9)
(6 4 9)
(6,75149998009203 4 6,94195000153782)
(4 4 7)
(4,46799998760223 6 8,63550000965596)
(6,03209999914964 6 8,82495000463724)
(6,42857691172351 6 6,79248077472815)
(4,25259999330836 6 6,96220000100136)
(5 4 9)
(6 4 8)
(5 4 7)
(4 4 8)
(4,08099999785423 5 8,92800000190735)
(6 5 9)
(6,58949998438357 5 6,82675000458956)
(4 5 7)
(5,18899999499321 6 8,72550000727177)
(6,03209999914964 6 8,05894999843836)
(5,07559999799728 6 6,96220000100136)
(4,31499999165534 6 7,9055000025034)

Edge_0 8
Edge_8 1
Edge_1 13
Edge_13 5
Edge_5 16
Edge_16 4
Edge_4 12
Edge_12 0
Edge_1 9
Edge_9 2
Edge_2 14
Edge_14 6
Edge_6 17
Edge_17 5
Edge_3 10
Edge_10 2
Edge_6 18
Edge_18 7
Edge_7 15
Edge_15 3
Edge_0 11
Edge_11 3
Edge_7 19
Edge_19 4

Facet_0 8 1 13 5 16 4 12 PlusZ Cube_2
Facet_1 9 2 14 6 17 5 13 PlusX Cube_2
Facet_3 10 2 14 6 18 7 15 MinusZ Cube_2
Facet_0 11 3 15 7 19 4 12 MinusX Cube_2
Facet_4 16 5 17 6 18 7 19 PlusY Cube_2
Facet_0 8 1 9 2 10 3 11 MinusY Cube_2
OuterVertices 0 1 2 3 4 5 6 7 8 9 10 11 12 13 14 15 16 17 18 19 
Cube_1
Vertices:
(6 4 9)
(8 4 9)
(7,11800002336503 4 7)
(6,75149998009203 4 6,94195000153782)
(6,03209999914964 6 8,82495000463724)
(7,89650000274182 6 8,78400000572205)
(7,35940261437265 6 6,94949350783147)
(6,42857691172351 6 6,79248077472815)
(7 4 9)
(8 4 8)
(7 4 7)
(6 4 8)
(6 5 9)
(8 5 9)
(7,23500002026559 5 7)
(6,58949998438357 5 6,82675000458956)
(6,79300000548363 6 8,9505000013113)
(7,89650000274182 6 8,04049999892712)
(6,89650000274182 6 7,10124999731779)
(6,03209999914964 6 8,05894999843836)

Edge_0 8
Edge_8 1
Edge_1 13
Edge_13 5
Edge_5 16
Edge_16 4
Edge_4 12
Edge_12 0
Edge_1 9
Edge_9 2
Edge_2 14
Edge_14 6
Edge_6 17
Edge_17 5
Edge_3 10
Edge_10 2
Edge_6 18
Edge_18 7
Edge_7 15
Edge_15 3
Edge_0 11
Edge_11 3
Edge_7 19
Edge_19 4

Facet_0 8 1 13 5 16 4 12 PlusZ Cube_1
Facet_1 9 2 14 6 17 5 13 PlusX Cube_1
Facet_3 10 2 14 6 18 7 15 MinusZ Cube_1
Facet_0 11 3 15 7 19 4 12 MinusX Cube_1
Facet_4 16 5 17 6 18 7 19 PlusY Cube_1
Facet_0 8 1 9 2 10 3 11 MinusY Cube_1
OuterVertices 0 1 2 3 4 5 6 7 8 9 10 11 12 13 14 15 16 17 18 19 
Cube_3
Vertices:
(8 4 9)
(10 4 9)
(10 4 7)
(7,11800002336503 4 7)
(7,89650000274182 6 8,78400000572205)
(9,73000000715256 6 8,73900000691414)
(9,89650000274182 6 7)
(7,35940261437265 6 6,94949350783147)
(9 4 9)
(10 4 8)
(9 4 7)
(8 4 8)
(8 5 9)
(9,89200000286102 5 8,86500000357628)
(10 5 7)
(7,23500002026559 5 7)
(9 6 8,75700000643731)
(9,91000000238419 6 8)
(9 6 7)
(7,89650000274182 6 8,04049999892712)

Edge_0 8
Edge_8 1
Edge_1 13
Edge_13 5
Edge_5 16
Edge_16 4
Edge_4 12
Edge_12 0
Edge_1 9
Edge_9 2
Edge_2 14
Edge_14 6
Edge_6 17
Edge_17 5
Edge_3 10
Edge_10 2
Edge_6 18
Edge_18 7
Edge_7 15
Edge_15 3
Edge_0 11
Edge_11 3
Edge_7 19
Edge_19 4

Facet_0 8 1 13 5 16 4 12 PlusZ Cube_3
Facet_1 9 2 14 6 17 5 13 PlusX Cube_3
Facet_3 10 2 14 6 18 7 15 MinusZ Cube_3
Facet_0 11 3 15 7 19 4 12 MinusX Cube_3
Facet_4 16 5 17 6 18 7 19 PlusY Cube_3
Facet_0 8 1 9 2 10 3 11 MinusY Cube_3
OuterVertices 0 1 2 3 4 5 6 7 8 9 10 11 12 13 14 15 16 17 18 19 
Cube_4
Vertices:
(6,75149998009203 4 6,94195000153782)
(7,11800002336503 4 7)
(6,98525002688171 4 6,7279999542236)
(6,7694999796152 4 6,62449995696542)
(6,42857691172351 6 6,79248077472815)
(7,35940261437265 6 6,94949350783147)
(7,26787339601812 6 6,42335061164471)
(6,47972691036849 6 6,04235574161776)
(7 4 7)
(7,22600002050401 4 6,80099997878073)
(6,96400000095367 4 6,65599995613096)
(6,67949998199939 4 6,76049997985362)
(6,58949998438357 5 6,82675000458956)
(7,23500002026559 5 7)
(7,11125002354385 5 6,44899996161458)
(6,37799998998641 5 6,41749996244905)
(6,89650000274182 6 7,10124999731779)
(7,46000001430512 6 6,67049998223781)
(6,91675000220537 6 6,00124997347592)
(6,3419999909401 6 6,42119998884201)

Edge_0 8
Edge_8 1
Edge_1 13
Edge_13 5
Edge_5 16
Edge_16 4
Edge_4 12
Edge_12 0
Edge_1 9
Edge_9 2
Edge_2 14
Edge_14 6
Edge_6 17
Edge_17 5
Edge_3 10
Edge_10 2
Edge_6 18
Edge_18 7
Edge_7 15
Edge_15 3
Edge_0 11
Edge_11 3
Edge_7 19
Edge_19 4

Facet_0 8 1 13 5 16 4 12 PlusZ Cube_4
Facet_1 9 2 14 6 17 5 13 PlusX Cube_4
Facet_3 10 2 14 6 18 7 15 MinusZ Cube_4
Facet_0 11 3 15 7 19 4 12 MinusX Cube_4
Facet_4 16 5 17 6 18 7 19 PlusY Cube_4
Facet_0 8 1 9 2 10 3 11 MinusY Cube_4
OuterVertices 0 1 2 3 4 5 6 7 8 9 10 11 12 13 14 15 16 17 18 19 
Cube_5
Vertices:
(4 4 7)
(6,75149998009203 4 6,94195000153782)
(6,7694999796152 4 6,62449995696542)
(4 4 5)
(4,25259999330836 6 6,96220000100136)
(6,42857691172351 6 6,79248077472815)
(6,47972691036849 6 6,04235574161776)
(4,27224999278783 6 5,07874999791384)
(5 4 7)
(6,67949998199939 4 6,76049997985362)
(5 4 5)
(4 4 6)
(4 5 7)
(6,58949998438357 5 6,82675000458956)
(6,37799998998641 5 6,41749996244905)
(4 5 5)
(5,07559999799728 6 6,96220000100136)
(6,3419999909401 6 6,42119998884201)
(5,12374999672174 6 5,07874999791384)
(4,13499999642372 6 6)

Edge_0 8
Edge_8 1
Edge_1 13
Edge_13 5
Edge_5 16
Edge_16 4
Edge_4 12
Edge_12 0
Edge_1 9
Edge_9 2
Edge_2 14
Edge_14 6
Edge_6 17
Edge_17 5
Edge_3 10
Edge_10 2
Edge_6 18
Edge_18 7
Edge_7 15
Edge_15 3
Edge_0 11
Edge_11 3
Edge_7 19
Edge_19 4

Facet_0 8 1 13 5 16 4 12 PlusZ Cube_5
Facet_1 9 2 14 6 17 5 13 PlusX Cube_5
Facet_3 10 2 14 6 18 7 15 MinusZ Cube_5
Facet_0 11 3 15 7 19 4 12 MinusX Cube_5
Facet_4 16 5 17 6 18 7 19 PlusY Cube_5
Facet_0 8 1 9 2 10 3 11 MinusY Cube_5
OuterVertices 0 1 2 3 4 5 6 7 8 9 10 11 12 13 14 15 16 17 18 19 
Cube_6
Vertices:
(6,7694999796152 4 6,62449995696542)
(6,98525002688171 4 6,7279999542236)
(7,73450000703335 4 4,19699996829031)
(5,98200000047684 4 4,03499997258185)
(6,47972691036849 6 6,04235574161776)
(7,26787339601812 6 6,42335061164471)
(7,48775001357 6 4,32944996478155)
(6,02024999946356 6 4,10812497064471)
(6,96400000095367 4 6,65599995613096)
(7,73450000703335 4 5,19699996829031)
(6,98200000047684 4 4,03499997258185)
(5,98200000047684 4 5,03499997258185)
(6,37799998998641 5 6,41749996244905)
(7,11125002354385 5 6,44899996161458)
(7,73450000703335 5 4,19699996829031)
(5,98200000047684 5 4,03499997258185)
(6,91675000220537 6 6,00124997347592)
(7,48775001357 6 5,36274996389944)
(6,85150000393391 6 4,19249996840952)
(6,02024999946356 6 4,75262498006224)

Edge_0 8
Edge_8 1
Edge_1 13
Edge_13 5
Edge_5 16
Edge_16 4
Edge_4 12
Edge_12 0
Edge_1 9
Edge_9 2
Edge_2 14
Edge_14 6
Edge_6 17
Edge_17 5
Edge_3 10
Edge_10 2
Edge_6 18
Edge_18 7
Edge_7 15
Edge_15 3
Edge_0 11
Edge_11 3
Edge_7 19
Edge_19 4

Facet_0 8 1 13 5 16 4 12 PlusZ Cube_6
Facet_1 9 2 14 6 17 5 13 PlusX Cube_6
Facet_3 10 2 14 6 18 7 15 MinusZ Cube_6
Facet_0 11 3 15 7 19 4 12 MinusX Cube_6
Facet_4 16 5 17 6 18 7 19 PlusY Cube_6
Facet_0 8 1 9 2 10 3 11 MinusY Cube_6
OuterVertices 0 1 2 3 4 5 6 7 8 9 10 11 12 13 14 15 16 17 18 19 
Cube_7
Vertices:
(4 4 5)
(6,7694999796152 4 6,62449995696542)
(5,98200000047684 4 4,03499997258185)
(3,98200000047684 4 4,03499997258185)
(4,27224999278783 6 5,07874999791384)
(6,47972691036849 6 6,04235574161776)
(6,02024999946356 6 4,10812497064471)
(4,34199999094009 6 4,14749996960162)
(5 4 5)
(5,98200000047684 4 5,03499997258185)
(4,98200000047684 4 4,03499997258185)
(3,98200000047684 4 5,03499997258185)
(4 5 5)
(6,37799998998641 5 6,41749996244905)
(5,98200000047684 5 4,03499997258185)
(4,0989999973774 5 4,03499997258185)
(5,12374999672174 6 5,07874999791384)
(6,02024999946356 6 4,75262498006224)
(5,22949999392033 6 4,51649995982645)
(4,44549998819828 6 4,87749997675418)

Edge_0 8
Edge_8 1
Edge_1 13
Edge_13 5
Edge_5 16
Edge_16 4
Edge_4 12
Edge_12 0
Edge_1 9
Edge_9 2
Edge_2 14
Edge_14 6
Edge_6 17
Edge_17 5
Edge_3 10
Edge_10 2
Edge_6 18
Edge_18 7
Edge_7 15
Edge_15 3
Edge_0 11
Edge_11 3
Edge_7 19
Edge_19 4

Facet_0 8 1 13 5 16 4 12 PlusZ Cube_7
Facet_1 9 2 14 6 17 5 13 PlusX Cube_7
Facet_3 10 2 14 6 18 7 15 MinusZ Cube_7
Facet_0 11 3 15 7 19 4 12 MinusX Cube_7
Facet_4 16 5 17 6 18 7 19 PlusY Cube_7
Facet_0 8 1 9 2 10 3 11 MinusY Cube_7
OuterVertices 0 1 2 3 4 5 6 7 8 9 10 11 12 13 14 15 16 17 18 19 
Cube_8
Vertices:
(7,11800002336503 4 7)
(10 4 7)
(9,94600000143052 4 6,35899996399877)
(6,98525002688171 4 6,7279999542236)
(7,35940261437265 6 6,94949350783147)
(9,89650000274182 6 7)
(9,9055000025034 6 6,35899996399877)
(7,26787339601812 6 6,42335061164471)
(9 4 7)
(9,48700001358987 4 7,35899996399877)
(8,48700001358987 4 6,35899996399877)
(7,22600002050401 4 6,80099997878073)
(7,23500002026559 5 7)
(10 5 7)
(9,99100000023842 5 6,35899996399877)
(7,11125002354385 5 6,44899996161458)
(9 6 7)
(9,91900000214577 6 6,71099998116492)
(8,48700001358987 6 6,35899996399877)
(7,46000001430512 6 6,67049998223781)

Edge_0 8
Edge_8 1
Edge_1 13
Edge_13 5
Edge_5 16
Edge_16 4
Edge_4 12
Edge_12 0
Edge_1 9
Edge_9 2
Edge_2 14
Edge_14 6
Edge_6 17
Edge_17 5
Edge_3 10
Edge_10 2
Edge_6 18
Edge_18 7
Edge_7 15
Edge_15 3
Edge_0 11
Edge_11 3
Edge_7 19
Edge_19 4

Facet_0 8 1 13 5 16 4 12 PlusZ Cube_8
Facet_1 9 2 14 6 17 5 13 PlusX Cube_8
Facet_3 10 2 14 6 18 7 15 MinusZ Cube_8
Facet_0 11 3 15 7 19 4 12 MinusX Cube_8
Facet_4 16 5 17 6 18 7 19 PlusY Cube_8
Facet_0 8 1 9 2 10 3 11 MinusY Cube_8
OuterVertices 0 1 2 3 4 5 6 7 8 9 10 11 12 13 14 15 16 17 18 19 
Cube_9
Vertices:
(6,98525002688171 4 6,7279999542236)
(9,94600000143052 4 6,35899996399877)
(9,48700001358987 4 4,35899996399877)
(7,73450000703335 4 4,19699996829031)
(7,26787339601812 6 6,42335061164471)
(9,9055000025034 6 6,35899996399877)
(9,21700002074243 6 4,69199995517728)
(7,48775001357 6 4,32944996478155)
(8,48700001358987 4 6,35899996399877)
(9,48700001358987 4 5,35899996399877)
(8,48700001358987 4 4,35899996399877)
(7,73450000703335 4 5,19699996829031)
(7,11125002354385 5 6,44899996161458)
(9,99100000023842 5 6,35899996399877)
(9,48700001358987 5 4,42199996232984)
(7,73450000703335 5 4,19699996829031)
(8,48700001358987 6 6,35899996399877)
(9,48700001358987 6 5,35899996399877)
(8,48700001358987 6 4,439999961853)
(7,48775001357 6 5,36274996389944)

Edge_0 8
Edge_8 1
Edge_1 13
Edge_13 5
Edge_5 16
Edge_16 4
Edge_4 12
Edge_12 0
Edge_1 9
Edge_9 2
Edge_2 14
Edge_14 6
Edge_6 17
Edge_17 5
Edge_3 10
Edge_10 2
Edge_6 18
Edge_18 7
Edge_7 15
Edge_15 3
Edge_0 11
Edge_11 3
Edge_7 19
Edge_19 4

Facet_0 8 1 13 5 16 4 12 PlusZ Cube_9
Facet_1 9 2 14 6 17 5 13 PlusX Cube_9
Facet_3 10 2 14 6 18 7 15 MinusZ Cube_9
Facet_0 11 3 15 7 19 4 12 MinusX Cube_9
Facet_4 16 5 17 6 18 7 19 PlusY Cube_9
Facet_0 8 1 9 2 10 3 11 MinusY Cube_9
OuterVertices 0 1 2 3 4 5 6 7 8 9 10 11 12 13 14 15 16 17 18 19 
Cube_10
Vertices:
(6,42857691172351 6 6,79248077472815)
(7,35940261437265 6 6,94949350783147)
(7,26787339601812 6 6,42335061164471)
(6,47972691036849 6 6,04235574161776)
(8,53124993294473 8 6,86635000354057)
(7,20425002108017 8 7,17174999545018)
(7,05950002491475 8 5,73049998064831)
(6,60749998390674 8 6,32299996495245)
(6,89650000274182 6 7,10124999731779)
(7,46000001430512 6 6,67049998223781)
(6,91675000220537 6 6,00124997347592)
(6,3419999909401 6 6,42119998884201)
(6,39599998950958 7 6,71650000751019)
(7,62050001005332 7 6,83650000433127)
(7,56125001162291 7 6,11374997049569)
(6,41999998887379 7 5,56137498512863)
(7 8 7,61649998366831)
(7,44425001472234 8 6,11024999707939)
(6,1195000233253 8 5,65924998253582)
(7,57724995821711 8 6,15524999588729)

Edge_0 8
Edge_8 1
Edge_1 13
Edge_13 5
Edge_5 16
Edge_16 4
Edge_4 12
Edge_12 0
Edge_1 9
Edge_9 2
Edge_2 14
Edge_14 6
Edge_6 17
Edge_17 5
Edge_3 10
Edge_10 2
Edge_6 18
Edge_18 7
Edge_7 15
Edge_15 3
Edge_0 11
Edge_11 3
Edge_7 19
Edge_19 4

Facet_0 8 1 13 5 16 4 12 PlusZ Cube_10
Facet_1 9 2 14 6 17 5 13 PlusX Cube_10
Facet_3 10 2 14 6 18 7 15 MinusZ Cube_10
Facet_0 11 3 15 7 19 4 12 MinusX Cube_10
Facet_4 16 5 17 6 18 7 19 PlusY Cube_10
Facet_0 8 1 9 2 10 3 11 MinusY Cube_10
OuterVertices 0 1 2 3 4 5 6 7 8 9 10 11 12 13 14 15 16 17 18 19 
Cube_11
Vertices:
(6,03209999914964 6 8,82495000463724)
(7,89650000274182 6 8,78400000572205)
(7,35940261437265 6 6,94949350783147)
(6,42857691172351 6 6,79248077472815)
(6,46799998760223 8 8,11800002336503)
(7,58750001092752 8 8,36100001692772)
(7,20425002108017 8 7,17174999545018)
(8,53124993294473 8 6,86635000354057)
(6,79300000548363 6 8,9505000013113)
(7,89650000274182 6 8,04049999892712)
(6,89650000274182 6 7,10124999731779)
(6,03209999914964 6 8,05894999843836)
(6,21599999427795 7 8,56350001156331)
(7,81700000484785 7 8,55900001168252)
(7,62050001005332 7 6,83650000433127)
(6,39599998950958 7 6,71650000751019)
(7,04499999880791 8 8,25300001978875)
(7,58750001092752 8 8,27899999260895)
(7 8 7,61649998366831)
(6,89999997615813 8 7,97300000071526)

Edge_0 8
Edge_8 1
Edge_1 13
Edge_13 5
Edge_5 16
Edge_16 4
Edge_4 12
Edge_12 0
Edge_1 9
Edge_9 2
Edge_2 14
Edge_14 6
Edge_6 17
Edge_17 5
Edge_3 10
Edge_10 2
Edge_6 18
Edge_18 7
Edge_7 15
Edge_15 3
Edge_0 11
Edge_11 3
Edge_7 19
Edge_19 4

Facet_0 8 1 13 5 16 4 12 PlusZ Cube_11
Facet_1 9 2 14 6 17 5 13 PlusX Cube_11
Facet_3 10 2 14 6 18 7 15 MinusZ Cube_11
Facet_0 11 3 15 7 19 4 12 MinusX Cube_11
Facet_4 16 5 17 6 18 7 19 PlusY Cube_11
Facet_0 8 1 9 2 10 3 11 MinusY Cube_11
OuterVertices 0 1 2 3 4 5 6 7 8 9 10 11 12 13 14 15 16 17 18 19 
Cube_12
Vertices:
(4,25259999330836 6 6,96220000100136)
(6,42857691172351 6 6,79248077472815)
(6,47972691036849 6 6,04235574161776)
(4,27224999278783 6 5,07874999791384)
(4,80549997866153 8 6,68500000834466)
(8,53124993294473 8 6,86635000354057)
(6,60749998390674 8 6,32299996495245)
(4,46349998772144 8 5,22499999403954)
(5,07559999799728 6 6,96220000100136)
(6,3419999909401 6 6,42119998884201)
(5,12374999672174 6 5,07874999791384)
(4,13499999642372 6 6)
(4,50399998664855 7 6,81100000500679)
(6,39599998950958 7 6,71650000751019)
(6,41999998887379 7 5,56137498512863)
(4,49499998688697 7 5,31499999165534)
(5,35099999070167 8 7)
(7,57724995821711 8 6,15524999588729)
(5,0044999998808 8 5,14399999618529)
(4,78299997925757 8 6)

Edge_0 8
Edge_8 1
Edge_1 13
Edge_13 5
Edge_5 16
Edge_16 4
Edge_4 12
Edge_12 0
Edge_1 9
Edge_9 2
Edge_2 14
Edge_14 6
Edge_6 17
Edge_17 5
Edge_3 10
Edge_10 2
Edge_6 18
Edge_18 7
Edge_7 15
Edge_15 3
Edge_0 11
Edge_11 3
Edge_7 19
Edge_19 4

Facet_0 8 1 13 5 16 4 12 PlusZ Cube_12
Facet_1 9 2 14 6 17 5 13 PlusX Cube_12
Facet_3 10 2 14 6 18 7 15 MinusZ Cube_12
Facet_0 11 3 15 7 19 4 12 MinusX Cube_12
Facet_4 16 5 17 6 18 7 19 PlusY Cube_12
Facet_0 8 1 9 2 10 3 11 MinusY Cube_12
OuterVertices 0 1 2 3 4 5 6 7 8 9 10 11 12 13 14 15 16 17 18 19 
Cube_13
Vertices:
(4,46799998760223 6 8,63550000965596)
(6,03209999914964 6 8,82495000463724)
(6,42857691172351 6 6,79248077472815)
(4,25259999330836 6 6,96220000100136)
(5,01699997305868 8 7,95600002765657)
(6,46799998760223 8 8,11800002336503)
(8,53124993294473 8 6,86635000354057)
(4,80549997866153 8 6,68500000834466)
(5,18899999499321 6 8,72550000727177)
(6,03209999914964 6 8,05894999843836)
(5,07559999799728 6 6,96220000100136)
(4,31499999165534 6 7,9055000025034)
(4,69299998164176 7 8,44200001478196)
(6,21599999427795 7 8,56350001156331)
(6,39599998950958 7 6,71650000751019)
(4,50399998664855 7 6,81100000500679)
(5,50399998664855 8 8,12700002312662)
(6,89999997615813 8 7,97300000071526)
(5,35099999070167 8 7)
(4,79199997901915 8 7,64900000929833)

Edge_0 8
Edge_8 1
Edge_1 13
Edge_13 5
Edge_5 16
Edge_16 4
Edge_4 12
Edge_12 0
Edge_1 9
Edge_9 2
Edge_2 14
Edge_14 6
Edge_6 17
Edge_17 5
Edge_3 10
Edge_10 2
Edge_6 18
Edge_18 7
Edge_7 15
Edge_15 3
Edge_0 11
Edge_11 3
Edge_7 19
Edge_19 4

Facet_0 8 1 13 5 16 4 12 PlusZ Cube_13
Facet_1 9 2 14 6 17 5 13 PlusX Cube_13
Facet_3 10 2 14 6 18 7 15 MinusZ Cube_13
Facet_0 11 3 15 7 19 4 12 MinusX Cube_13
Facet_4 16 5 17 6 18 7 19 PlusY Cube_13
Facet_0 8 1 9 2 10 3 11 MinusY Cube_13
OuterVertices 0 1 2 3 4 5 6 7 8 9 10 11 12 13 14 15 16 17 18 19 
Cube_14
Vertices:
(6,47972691036849 6 6,04235574161776)
(7,26787339601812 6 6,42335061164471)
(7,48775001357 6 4,32944996478155)
(6,02024999946356 6 4,10812497064471)
(6,60749998390674 8 6,32299996495245)
(7,05950002491475 8 5,73049998064831)
(7,2755000191927 8 4,47599996089934)
(5,93325000176831 8 4,48762496059134)
(6,91675000220537 6 6,00124997347592)
(7,48775001357 6 5,36274996389944)
(6,85150000393391 6 4,19249996840952)
(6,02024999946356 6 4,75262498006224)
(6,41999998887379 7 5,56137498512863)
(7,56125001162291 7 6,11374997049569)
(7,40150001585484 7 4,58249995807805)
(6,02099999944369 7 4,03274997264145)
(6,1195000233253 8 5,65924998253582)
(7,2800000190735 8 5,81799995183942)
(6,49750001331171 8 4,9597499480843)
(6,77024997959537 8 5,4246249622603)

Edge_0 8
Edge_8 1
Edge_1 13
Edge_13 5
Edge_5 16
Edge_16 4
Edge_4 12
Edge_12 0
Edge_1 9
Edge_9 2
Edge_2 14
Edge_14 6
Edge_6 17
Edge_17 5
Edge_3 10
Edge_10 2
Edge_6 18
Edge_18 7
Edge_7 15
Edge_15 3
Edge_0 11
Edge_11 3
Edge_7 19
Edge_19 4

Facet_0 8 1 13 5 16 4 12 PlusZ Cube_14
Facet_1 9 2 14 6 17 5 13 PlusX Cube_14
Facet_3 10 2 14 6 18 7 15 MinusZ Cube_14
Facet_0 11 3 15 7 19 4 12 MinusX Cube_14
Facet_4 16 5 17 6 18 7 19 PlusY Cube_14
Facet_0 8 1 9 2 10 3 11 MinusY Cube_14
OuterVertices 0 1 2 3 4 5 6 7 8 9 10 11 12 13 14 15 16 17 18 19 
Cube_15
Vertices:
(4,27224999278783 6 5,07874999791384)
(6,47972691036849 6 6,04235574161776)
(6,02024999946356 6 4,10812497064471)
(4,34199999094009 6 4,14749996960162)
(4,46349998772144 8 5,22499999403954)
(6,60749998390674 8 6,32299996495245)
(5,93325000176831 8 4,48762496059134)
(4,60749998390674 8 4,31399996519087)
(5,12374999672174 6 5,07874999791384)
(6,02024999946356 6 4,75262498006224)
(5,22949999392033 6 4,51649995982645)
(4,44549998819828 6 4,87749997675418)
(4,49499998688697 7 5,31499999165534)
(6,41999998887379 7 5,56137498512863)
(6,02099999944369 7 4,03274997264145)
(4,64799998283385 7 4,33199996471403)
(5,0044999998808 8 5,14399999618529)
(6,77024997959537 8 5,4246249622603)
(5,16649999558926 8 4,41299996256828)
(4,52649998605251 8 4,7199999809265)

Edge_0 8
Edge_8 1
Edge_1 13
Edge_13 5
Edge_5 16
Edge_16 4
Edge_4 12
Edge_12 0
Edge_1 9
Edge_9 2
Edge_2 14
Edge_14 6
Edge_6 17
Edge_17 5
Edge_3 10
Edge_10 2
Edge_6 18
Edge_18 7
Edge_7 15
Edge_15 3
Edge_0 11
Edge_11 3
Edge_7 19
Edge_19 4

Facet_0 8 1 13 5 16 4 12 PlusZ Cube_15
Facet_1 9 2 14 6 17 5 13 PlusX Cube_15
Facet_3 10 2 14 6 18 7 15 MinusZ Cube_15
Facet_0 11 3 15 7 19 4 12 MinusX Cube_15
Facet_4 16 5 17 6 18 7 19 PlusY Cube_15
Facet_0 8 1 9 2 10 3 11 MinusY Cube_15
OuterVertices 0 1 2 3 4 5 6 7 8 9 10 11 12 13 14 15 16 17 18 19 
Cube_16
Vertices:
(7,35940261437265 6 6,94949350783147)
(9,89650000274182 6 7)
(9,9055000025034 6 6,35899996399877)
(7,26787339601812 6 6,42335061164471)
(7,20425002108017 8 7,17174999545018)
(9,53200001239777 8 7)
(9,43300001502038 8 6,24199996709822)
(7,05950002491475 8 5,73049998064831)
(9 6 7)
(9,91900000214577 6 6,71099998116492)
(8,48700001358987 6 6,35899996399877)
(7,46000001430512 6 6,67049998223781)
(7,62050001005332 7 6,83650000433127)
(9,71650000751019 7 7)
(9,71650000751019 7 6,30499996542929)
(7,56125001162291 7 6,11374997049569)
(8,60850001037121 8 7)
(9,55900001168252 8 6,62999998331069)
(8,48700001358987 8 5,33299999117849)
(7,44425001472234 8 6,11024999707939)

Edge_0 8
Edge_8 1
Edge_1 13
Edge_13 5
Edge_5 16
Edge_16 4
Edge_4 12
Edge_12 0
Edge_1 9
Edge_9 2
Edge_2 14
Edge_14 6
Edge_6 17
Edge_17 5
Edge_3 10
Edge_10 2
Edge_6 18
Edge_18 7
Edge_7 15
Edge_15 3
Edge_0 11
Edge_11 3
Edge_7 19
Edge_19 4

Facet_0 8 1 13 5 16 4 12 PlusZ Cube_16
Facet_1 9 2 14 6 17 5 13 PlusX Cube_16
Facet_3 10 2 14 6 18 7 15 MinusZ Cube_16
Facet_0 11 3 15 7 19 4 12 MinusX Cube_16
Facet_4 16 5 17 6 18 7 19 PlusY Cube_16
Facet_0 8 1 9 2 10 3 11 MinusY Cube_16
OuterVertices 0 1 2 3 4 5 6 7 8 9 10 11 12 13 14 15 16 17 18 19 
Cube_17
Vertices:
(7,26787339601812 6 6,42335061164471)
(9,9055000025034 6 6,35899996399877)
(9,21700002074243 6 4,69199995517728)
(7,48775001357 6 4,32944996478155)
(7,05950002491475 8 5,73049998064831)
(9,43300001502038 8 6,24199996709822)
(8,81650003135207 8 4,88999994993206)
(7,2755000191927 8 4,47599996089934)
(8,48700001358987 6 6,35899996399877)
(9,48700001358987 6 5,35899996399877)
(8,48700001358987 6 4,439999961853)
(7,48775001357 6 5,36274996389944)
(7,56125001162291 7 6,11374997049569)
(9,71650000751019 7 6,30499996542929)
(9,21700002074243 7 4,81799995183942)
(7,40150001585484 7 4,58249995807805)
(8,48700001358987 8 5,33299999117849)
(9,14950002253057 8 5,58399995803831)
(8,14950002253057 8 4,61999995708463)
(7,2800000190735 8 5,81799995183942)

Edge_0 8
Edge_8 1
Edge_1 13
Edge_13 5
Edge_5 16
Edge_16 4
Edge_4 12
Edge_12 0
Edge_1 9
Edge_9 2
Edge_2 14
Edge_14 6
Edge_6 17
Edge_17 5
Edge_3 10
Edge_10 2
Edge_6 18
Edge_18 7
Edge_7 15
Edge_15 3
Edge_0 11
Edge_11 3
Edge_7 19
Edge_19 4

Facet_0 8 1 13 5 16 4 12 PlusZ Cube_17
Facet_1 9 2 14 6 17 5 13 PlusX Cube_17
Facet_3 10 2 14 6 18 7 15 MinusZ Cube_17
Facet_0 11 3 15 7 19 4 12 MinusX Cube_17
Facet_4 16 5 17 6 18 7 19 PlusY Cube_17
Facet_0 8 1 9 2 10 3 11 MinusY Cube_17
OuterVertices 0 1 2 3 4 5 6 7 8 9 10 11 12 13 14 15 16 17 18 19 
Cube_18
Vertices:
(7,89650000274182 6 8,78400000572205)
(9,73000000715256 6 8,73900000691414)
(9,89650000274182 6 7)
(7,35940261437265 6 6,94949350783147)
(7,58750001092752 8 8,36100001692772)
(9,26200001955034 8 8,23500002026559)
(9,53200001239777 8 7)
(7,20425002108017 8 7,17174999545018)
(9 6 8,75700000643731)
(9,91000000238419 6 8)
(9 6 7)
(7,89650000274182 6 8,04049999892712)
(7,81700000484785 7 8,55900001168252)
(9,51400001287461 7 8,51400001287461)
(9,71650000751019 7 7)
(7,62050001005332 7 6,83650000433127)
(8,48700001358987 8 8,19900002121927)
(9,4240000152588 8 7,75700000643731)
(8,60850001037121 8 7)
(7,58750001092752 8 8,27899999260895)

Edge_0 8
Edge_8 1
Edge_1 13
Edge_13 5
Edge_5 16
Edge_16 4
Edge_4 12
Edge_12 0
Edge_1 9
Edge_9 2
Edge_2 14
Edge_14 6
Edge_6 17
Edge_17 5
Edge_3 10
Edge_10 2
Edge_6 18
Edge_18 7
Edge_7 15
Edge_15 3
Edge_0 11
Edge_11 3
Edge_7 19
Edge_19 4

Facet_0 8 1 13 5 16 4 12 PlusZ Cube_18
Facet_1 9 2 14 6 17 5 13 PlusX Cube_18
Facet_3 10 2 14 6 18 7 15 MinusZ Cube_18
Facet_0 11 3 15 7 19 4 12 MinusX Cube_18
Facet_4 16 5 17 6 18 7 19 PlusY Cube_18
Facet_0 8 1 9 2 10 3 11 MinusY Cube_18
OuterVertices 0 1 2 3 4 5 6 7 8 9 10 11 12 13 14 15 16 17 18 19 
Cube_19
Vertices:
(8,53124993294473 8 6,86635000354057)
(7,20425002108017 8 7,17174999545018)
(7,05950002491475 8 5,73049998064831)
(6,60749998390674 8 6,32299996495245)
(6,05849999845027 10 7,45899998784065)
(7,55000001192094 10 7,54899998545645)
(7,76000000635783 10 5,984749973913)
(6,2212499941389 10 6,19962496822079)
(7 8 7,61649998366831)
(7,44425001472234 8 6,11024999707939)
(6,1195000233253 8 5,65924998253582)
(7,57724995821711 8 6,15524999588729)
(8,03849994599817 9 7,22499999403954)
(7,07300002455713 9 7,71099998116492)
(7,60700001041096 9 5,21074999441701)
(7,11224997053545 9 6,38862496321399)
(6,69625000804665 10 7,70874998122451)
(7,95950000107288 10 6,50399998664856)
(6,69625000804665 10 5,88874997645613)
(5,77950000584125 10 6,67499998211861)

Edge_0 8
Edge_8 1
Edge_1 13
Edge_13 5
Edge_5 16
Edge_16 4
Edge_4 12
Edge_12 0
Edge_1 9
Edge_9 2
Edge_2 14
Edge_14 6
Edge_6 17
Edge_17 5
Edge_3 10
Edge_10 2
Edge_6 18
Edge_18 7
Edge_7 15
Edge_15 3
Edge_0 11
Edge_11 3
Edge_7 19
Edge_19 4

Facet_0 8 1 13 5 16 4 12 PlusZ Cube_19
Facet_1 9 2 14 6 17 5 13 PlusX Cube_19
Facet_3 10 2 14 6 18 7 15 MinusZ Cube_19
Facet_0 11 3 15 7 19 4 12 MinusX Cube_19
Facet_4 16 5 17 6 18 7 19 PlusY Cube_19
Facet_0 8 1 9 2 10 3 11 MinusY Cube_19
OuterVertices 0 1 2 3 4 5 6 7 8 9 10 11 12 13 14 15 16 17 18 19 
Cube_20
Vertices:
(6,46799998760223 8 8,11800002336503)
(7,58750001092752 8 8,36100001692772)
(7,20425002108017 8 7,17174999545018)
(8,53124993294473 8 6,86635000354057)
(6,25199999332428 10 7,88400002956392)
(7,60850001037121 10 7,98300002694131)
(7,55000001192094 10 7,54899998545645)
(6,05849999845027 10 7,45899998784065)
(7,04499999880791 8 8,25300001978875)
(7,58750001092752 8 8,27899999260895)
(7 8 7,61649998366831)
(6,89999997615813 8 7,97300000071526)
(6,35099999070167 9 8,05500002503397)
(7,60850001037121 9 8,20800002098085)
(7,07300002455713 9 7,71099998116492)
(8,03849994599817 9 7,22499999403954)
(6,58600001096726 10 7,95600002765657)
(7,50950001299382 10 7,87400000333785)
(6,69625000804665 10 7,70874998122451)
(6,12599999666214 10 7,65800000905991)

Edge_0 8
Edge_8 1
Edge_1 13
Edge_13 5
Edge_5 16
Edge_16 4
Edge_4 12
Edge_12 0
Edge_1 9
Edge_9 2
Edge_2 14
Edge_14 6
Edge_6 17
Edge_17 5
Edge_3 10
Edge_10 2
Edge_6 18
Edge_18 7
Edge_7 15
Edge_15 3
Edge_0 11
Edge_11 3
Edge_7 19
Edge_19 4

Facet_0 8 1 13 5 16 4 12 PlusZ Cube_20
Facet_1 9 2 14 6 17 5 13 PlusX Cube_20
Facet_3 10 2 14 6 18 7 15 MinusZ Cube_20
Facet_0 11 3 15 7 19 4 12 MinusX Cube_20
Facet_4 16 5 17 6 18 7 19 PlusY Cube_20
Facet_0 8 1 9 2 10 3 11 MinusY Cube_20
OuterVertices 0 1 2 3 4 5 6 7 8 9 10 11 12 13 14 15 16 17 18 19 
Cube_21
Vertices:
(7,20425002108017 8 7,17174999545018)
(9,53200001239777 8 7)
(9,43300001502038 8 6,24199996709822)
(7,05950002491475 8 5,73049998064831)
(7,55000001192094 10 7,54899998545645)
(8,87050002992155 10 7)
(8,80750003159048 10 6,11599997043608)
(7,76000000635783 10 5,984749973913)
(8,60850001037121 8 7)
(9,55900001168252 8 6,62999998331069)
(8,48700001358987 8 5,33299999117849)
(7,44425001472234 8 6,11024999707939)
(7,07300002455713 9 7,71099998116492)
(9,25750001966954 9 7)
(9,14950002253057 9 6,16999996900557)
(7,60700001041096 9 5,21074999441701)
(8,0865000241995 10 7,34199999094009)
(8,86150003015996 10 6,5759999847412)
(8,09550002396108 10 5,88199997663496)
(7,95950000107288 10 6,50399998664856)

Edge_0 8
Edge_8 1
Edge_1 13
Edge_13 5
Edge_5 16
Edge_16 4
Edge_4 12
Edge_12 0
Edge_1 9
Edge_9 2
Edge_2 14
Edge_14 6
Edge_6 17
Edge_17 5
Edge_3 10
Edge_10 2
Edge_6 18
Edge_18 7
Edge_7 15
Edge_15 3
Edge_0 11
Edge_11 3
Edge_7 19
Edge_19 4

Facet_0 8 1 13 5 16 4 12 PlusZ Cube_21
Facet_1 9 2 14 6 17 5 13 PlusX Cube_21
Facet_3 10 2 14 6 18 7 15 MinusZ Cube_21
Facet_0 11 3 15 7 19 4 12 MinusX Cube_21
Facet_4 16 5 17 6 18 7 19 PlusY Cube_21
Facet_0 8 1 9 2 10 3 11 MinusY Cube_21
OuterVertices 0 1 2 3 4 5 6 7 8 9 10 11 12 13 14 15 16 17 18 19 
Cube_22
Vertices:
(7,58750001092752 8 8,36100001692772)
(9,26200001955034 8 8,23500002026559)
(9,53200001239777 8 7)
(7,20425002108017 8 7,17174999545018)
(7,60850001037121 10 7,98300002694131)
(8,74450003325941 10 7,69500003457071)
(8,87050002992155 10 7)
(7,55000001192094 10 7,54899998545645)
(8,48700001358987 8 8,19900002121927)
(9,4240000152588 8 7,75700000643731)
(8,60850001037121 8 7)
(7,58750001092752 8 8,27899999260895)
(7,60850001037121 9 8,20800002098085)
(9,05050002515317 9 8,04600002527238)
(9,25750001966954 9 7)
(7,07300002455713 9 7,71099998116492)
(8,22150002062322 10 7,86600003004076)
(8,82550003111364 10 7,3250000178814)
(8,0865000241995 10 7,34199999094009)
(7,50950001299382 10 7,87400000333785)

Edge_0 8
Edge_8 1
Edge_1 13
Edge_13 5
Edge_5 16
Edge_16 4
Edge_4 12
Edge_12 0
Edge_1 9
Edge_9 2
Edge_2 14
Edge_14 6
Edge_6 17
Edge_17 5
Edge_3 10
Edge_10 2
Edge_6 18
Edge_18 7
Edge_7 15
Edge_15 3
Edge_0 11
Edge_11 3
Edge_7 19
Edge_19 4

Facet_0 8 1 13 5 16 4 12 PlusZ Cube_22
Facet_1 9 2 14 6 17 5 13 PlusX Cube_22
Facet_3 10 2 14 6 18 7 15 MinusZ Cube_22
Facet_0 11 3 15 7 19 4 12 MinusX Cube_22
Facet_4 16 5 17 6 18 7 19 PlusY Cube_22
Facet_0 8 1 9 2 10 3 11 MinusY Cube_22
OuterVertices 0 1 2 3 4 5 6 7 8 9 10 11 12 13 14 15 16 17 18 19 
Cube_23
Vertices:
(4,80549997866153 8 6,68500000834466)
(8,53124993294473 8 6,86635000354057)
(6,60749998390674 8 6,32299996495245)
(4,46349998772144 8 5,22499999403954)
(5,31849996507166 10 6,80200000524522)
(6,05849999845027 10 7,45899998784065)
(6,2212499941389 10 6,19962496822079)
(5,3004999655485 10 5,79199997901917)
(5,35099999070167 8 7)
(7,57724995821711 8 6,15524999588729)
(5,0044999998808 8 5,14399999618529)
(4,78299997925757 8 6)
(5,06649997174739 9 6,68500000834466)
(8,03849994599817 9 7,22499999403954)
(7,11224997053545 9 6,38862496321399)
(4,95849997460841 9 5,55799998521804)
(5,54449998557567 10 6,91900000214577)
(5,77950000584125 10 6,67499998211861)
(5,60749998390674 10 5,82799997806548)
(5,26449996650218 10 6,16199999570847)

Edge_0 8
Edge_8 1
Edge_1 13
Edge_13 5
Edge_5 16
Edge_16 4
Edge_4 12
Edge_12 0
Edge_1 9
Edge_9 2
Edge_2 14
Edge_14 6
Edge_6 17
Edge_17 5
Edge_3 10
Edge_10 2
Edge_6 18
Edge_18 7
Edge_7 15
Edge_15 3
Edge_0 11
Edge_11 3
Edge_7 19
Edge_19 4

Facet_0 8 1 13 5 16 4 12 PlusZ Cube_23
Facet_1 9 2 14 6 17 5 13 PlusX Cube_23
Facet_3 10 2 14 6 18 7 15 MinusZ Cube_23
Facet_0 11 3 15 7 19 4 12 MinusX Cube_23
Facet_4 16 5 17 6 18 7 19 PlusY Cube_23
Facet_0 8 1 9 2 10 3 11 MinusY Cube_23
OuterVertices 0 1 2 3 4 5 6 7 8 9 10 11 12 13 14 15 16 17 18 19 
Cube_24
Vertices:
(5,01699997305868 8 7,95600002765657)
(6,46799998760223 8 8,11800002336503)
(8,53124993294473 8 6,86635000354057)
(4,80549997866153 8 6,68500000834466)
(5,47599996089934 10 7,65900003552438)
(6,25199999332428 10 7,88400002956392)
(6,05849999845027 10 7,45899998784065)
(5,31849996507166 10 6,80200000524522)
(5,50399998664855 8 8,12700002312662)
(6,89999997615813 8 7,97300000071526)
(5,35099999070167 8 7)
(4,79199997901915 8 7,64900000929833)
(5,25999996662138 9 7,82100003123285)
(6,35099999070167 9 8,05500002503397)
(8,03849994599817 9 7,22499999403954)
(5,06649997174739 9 6,68500000834466)
(5,71999998092651 10 7,81200003147127)
(6,12599999666214 10 7,65800000905991)
(5,54449998557567 10 6,91900000214577)
(5,34099996447561 10 7,31600001811982)

Edge_0 8
Edge_8 1
Edge_1 13
Edge_13 5
Edge_5 16
Edge_16 4
Edge_4 12
Edge_12 0
Edge_1 9
Edge_9 2
Edge_2 14
Edge_14 6
Edge_6 17
Edge_17 5
Edge_3 10
Edge_10 2
Edge_6 18
Edge_18 7
Edge_7 15
Edge_15 3
Edge_0 11
Edge_11 3
Edge_7 19
Edge_19 4

Facet_0 8 1 13 5 16 4 12 PlusZ Cube_24
Facet_1 9 2 14 6 17 5 13 PlusX Cube_24
Facet_3 10 2 14 6 18 7 15 MinusZ Cube_24
Facet_0 11 3 15 7 19 4 12 MinusX Cube_24
Facet_4 16 5 17 6 18 7 19 PlusY Cube_24
Facet_0 8 1 9 2 10 3 11 MinusY Cube_24
OuterVertices 0 1 2 3 4 5 6 7 8 9 10 11 12 13 14 15 16 17 18 19 
Cube_25
Vertices:
(6,60749998390674 8 6,32299996495245)
(7,05950002491475 8 5,73049998064831)
(7,2755000191927 8 4,47599996089934)
(5,93325000176831 8 4,48762496059134)
(6,2212499941389 10 6,19962496822079)
(7,76000000635783 10 5,984749973913)
(7,70600000778835 10 5,24474994053438)
(6,13124999652309 10 5,25262494032576)
(6,1195000233253 8 5,65924998253582)
(7,2800000190735 8 5,81799995183942)
(6,49750001331171 8 4,9597499480843)
(6,77024997959537 8 5,4246249622603)
(7,11224997053545 9 6,38862496321399)
(7,60700001041096 9 5,21074999441701)
(7,35500001708668 9 4,83974995126323)
(6,95924997458857 9 5,48662493412689)
(6,69625000804665 10 5,88874997645613)
(7,60700001041096 10 5,49774996032314)
(6,57250001132489 10 5,2049999415874)
(6,22124999413891 10 5,7576249534388)

Edge_0 8
Edge_8 1
Edge_1 13
Edge_13 5
Edge_5 16
Edge_16 4
Edge_4 12
Edge_12 0
Edge_1 9
Edge_9 2
Edge_2 14
Edge_14 6
Edge_6 17
Edge_17 5
Edge_3 10
Edge_10 2
Edge_6 18
Edge_18 7
Edge_7 15
Edge_15 3
Edge_0 11
Edge_11 3
Edge_7 19
Edge_19 4

Facet_0 8 1 13 5 16 4 12 PlusZ Cube_25
Facet_1 9 2 14 6 17 5 13 PlusX Cube_25
Facet_3 10 2 14 6 18 7 15 MinusZ Cube_25
Facet_0 11 3 15 7 19 4 12 MinusX Cube_25
Facet_4 16 5 17 6 18 7 19 PlusY Cube_25
Facet_0 8 1 9 2 10 3 11 MinusY Cube_25
OuterVertices 0 1 2 3 4 5 6 7 8 9 10 11 12 13 14 15 16 17 18 19 
Cube_26
Vertices:
(7,05950002491475 8 5,73049998064831)
(9,43300001502038 8 6,24199996709822)
(8,81650003135207 8 4,88999994993206)
(7,2755000191927 8 4,47599996089934)
(7,76000000635783 10 5,984749973913)
(8,80750003159048 10 6,11599997043608)
(8,24950004637244 10 5,23199994087216)
(7,70600000778835 10 5,24474994053438)
(8,48700001358987 8 5,33299999117849)
(9,14950002253057 8 5,58399995803831)
(8,14950002253057 8 4,61999995708463)
(7,2800000190735 8 5,81799995183942)
(7,60700001041096 9 5,21074999441701)
(9,14950002253057 9 6,16999996900557)
(8,60050003707411 9 5,06099994540211)
(7,35500001708668 9 4,83974995126323)
(8,09550002396108 10 5,88199997663496)
(8,69050003468992 10 5,55699995875356)
(7,96050002753736 10 5,13299994349476)
(7,60700001041096 10 5,49774996032314)

Edge_0 8
Edge_8 1
Edge_1 13
Edge_13 5
Edge_5 16
Edge_16 4
Edge_4 12
Edge_12 0
Edge_1 9
Edge_9 2
Edge_2 14
Edge_14 6
Edge_6 17
Edge_17 5
Edge_3 10
Edge_10 2
Edge_6 18
Edge_18 7
Edge_7 15
Edge_15 3
Edge_0 11
Edge_11 3
Edge_7 19
Edge_19 4

Facet_0 8 1 13 5 16 4 12 PlusZ Cube_26
Facet_1 9 2 14 6 17 5 13 PlusX Cube_26
Facet_3 10 2 14 6 18 7 15 MinusZ Cube_26
Facet_0 11 3 15 7 19 4 12 MinusX Cube_26
Facet_4 16 5 17 6 18 7 19 PlusY Cube_26
Facet_0 8 1 9 2 10 3 11 MinusY Cube_26
OuterVertices 0 1 2 3 4 5 6 7 8 9 10 11 12 13 14 15 16 17 18 19 
Cube_27
Vertices:
(4,46349998772144 8 5,22499999403954)
(6,60749998390674 8 6,32299996495245)
(5,93325000176831 8 4,48762496059134)
(4,60749998390674 8 4,31399996519087)
(5,3004999655485 10 5,79199997901917)
(6,2212499941389 10 6,19962496822079)
(6,13124999652309 10 5,25262494032576)
(5,33649996459483 10 5,37599993705747)
(5,0044999998808 8 5,14399999618529)
(6,77024997959537 8 5,4246249622603)
(5,16649999558926 8 4,41299996256828)
(4,52649998605251 8 4,7199999809265)
(4,95849997460841 9 5,55799998521804)
(7,11224997053545 9 6,38862496321399)
(6,95924997458857 9 5,48662493412689)
(5,03049997270106 9 4,89899994969366)
(5,60749998390674 10 5,82799997806548)
(6,22124999413891 10 5,7576249534388)
(5,60749998390674 10 5,30399993896482)
(5,35449996411799 10 5,55699995875356)

Edge_0 8
Edge_8 1
Edge_1 13
Edge_13 5
Edge_5 16
Edge_16 4
Edge_4 12
Edge_12 0
Edge_1 9
Edge_9 2
Edge_2 14
Edge_14 6
Edge_6 17
Edge_17 5
Edge_3 10
Edge_10 2
Edge_6 18
Edge_18 7
Edge_7 15
Edge_15 3
Edge_0 11
Edge_11 3
Edge_7 19
Edge_19 4

Facet_0 8 1 13 5 16 4 12 PlusZ Cube_27
Facet_1 9 2 14 6 17 5 13 PlusX Cube_27
Facet_3 10 2 14 6 18 7 15 MinusZ Cube_27
Facet_0 11 3 15 7 19 4 12 MinusX Cube_27
Facet_4 16 5 17 6 18 7 19 PlusY Cube_27
Facet_0 8 1 9 2 10 3 11 MinusY Cube_27
OuterVertices 0 1 2 3 4 5 6 7 8 9 10 11 12 13 14 15 16 17 18 19 
Cube_28
Vertices:
(6,05849999845027 10 7,45899998784065)
(7,55000001192094 10 7,54899998545645)
(7,76000000635783 10 5,984749973913)
(6,2212499941389 10 6,19962496822079)
(5,789250005583 12 7,65962498252591)
(7,73525000701351 12 7,69562498157224)
(7,88825000296039 12 5,91162497585019)
(6,01424999962253 12 5,83062497799595)
(6,69625000804665 10 7,70874998122451)
(7,95950000107288 10 6,50399998664856)
(6,69625000804665 10 5,88874997645613)
(5,77950000584125 10 6,67499998211861)
(5,84325000415249 11 7,58762498443326)
(7,73525000701351 11 7,63262498324117)
(7,80725000510616 11 5,99262497370441)
(6,08624999771518 11 5,92062497561177)
(6,67225000868244 12 7,74062498038015)
(8,01424999962253 12 6,79462497894962)
(7,01424999962253 12 5,86662497704228)
(5,86125000367564 12 6,83962497775754)

Edge_0 8
Edge_8 1
Edge_1 13
Edge_13 5
Edge_5 16
Edge_16 4
Edge_4 12
Edge_12 0
Edge_1 9
Edge_9 2
Edge_2 14
Edge_14 6
Edge_6 17
Edge_17 5
Edge_3 10
Edge_10 2
Edge_6 18
Edge_18 7
Edge_7 15
Edge_15 3
Edge_0 11
Edge_11 3
Edge_7 19
Edge_19 4

Facet_0 8 1 13 5 16 4 12 PlusZ Cube_28
Facet_1 9 2 14 6 17 5 13 PlusX Cube_28
Facet_3 10 2 14 6 18 7 15 MinusZ Cube_28
Facet_0 11 3 15 7 19 4 12 MinusX Cube_28
Facet_4 16 5 17 6 18 7 19 PlusY Cube_28
Facet_0 8 1 9 2 10 3 11 MinusY Cube_28
OuterVertices 0 1 2 3 4 5 6 7 8 9 10 11 12 13 14 15 16 17 18 19 
Cube_29
Vertices:
(5,789250005583 12 7,65962498252591)
(7,73525000701351 12 7,69562498157224)
(7,88825000296039 12 5,91162497585019)
(6,01424999962253 12 5,83062497799595)
(6,51824998627108 14 7,20062499468525)
(7,36625001678868 14 7,20062499468525)
(7,402250015835 14 6,33462496464449)
(6,54524998555583 14 6,21762496774394)
(6,67225000868244 12 7,74062498038015)
(8,01424999962253 12 6,79462497894962)
(7,01424999962253 12 5,86662497704228)
(5,86125000367564 12 6,83962497775754)
(6,04124999890727 13 7,52462498610218)
(7,56425001154347 13 7,52462498610218)
(7,70825000772877 13 6,03762497251231)
(6,19424999485416 13 5,96562497441966)
(7,01424999962253 14 7,31762499158581)
(7,47425001392765 14 6,79462497894962)
(6,95125000129146 14 6,19962496822077)
(6,41024998913211 14 6,79462497894962)

Edge_0 8
Edge_8 1
Edge_1 13
Edge_13 5
Edge_5 16
Edge_16 4
Edge_4 12
Edge_12 0
Edge_1 9
Edge_9 2
Edge_2 14
Edge_14 6
Edge_6 17
Edge_17 5
Edge_3 10
Edge_10 2
Edge_6 18
Edge_18 7
Edge_7 15
Edge_15 3
Edge_0 11
Edge_11 3
Edge_7 19
Edge_19 4

Facet_0 8 1 13 5 16 4 12 PlusZ Cube_29
Facet_1 9 2 14 6 17 5 13 PlusX Cube_29
Facet_3 10 2 14 6 18 7 15 MinusZ Cube_29
Facet_0 11 3 15 7 19 4 12 MinusX Cube_29
Facet_4 16 5 17 6 18 7 19 PlusY Cube_29
Facet_0 8 1 9 2 10 3 11 MinusY Cube_29
OuterVertices 0 1 2 3 4 5 6 7 8 9 10 11 12 13 14 15 16 17 18 19 
Cube_30
Vertices:
(6,51824998627108 14 7,20062499468525)
(7,36625001678868 14 7,20062499468525)
(7,402250015835 14 6,33462496464449)
(6,54524998555583 14 6,21762496774394)
(6,78824997911854 16 6,89462500279149)
(6,88025002966329 16 6,89462500279149)
(6,99725002656385 16 6,667624955823)
(6,72524998078745 16 6,70362495486933)
(7,01424999962253 14 7,31762499158581)
(7,47425001392765 14 6,79462497894962)
(6,95125000129146 14 6,19962496822077)
(6,41024998913211 14 6,79462497894962)
(6,6532499826948 15 7,02062499945363)
(7,08725002417966 15 7,04762499873837)
(7,20425002108021 15 6,47862496082979)
(6,68924998174114 15 6,39762496297556)
(6,81625000486774 16 6,89462500279149)
(6,9702500272791 16 6,79462497894962)
(6,84325000415249 16 6,64062495653826)
(6,7972499788801 16 6,79462497894962)

Edge_0 8
Edge_8 1
Edge_1 13
Edge_13 5
Edge_5 16
Edge_16 4
Edge_4 12
Edge_12 0
Edge_1 9
Edge_9 2
Edge_2 14
Edge_14 6
Edge_6 17
Edge_17 5
Edge_3 10
Edge_10 2
Edge_6 18
Edge_18 7
Edge_7 15
Edge_15 3
Edge_0 11
Edge_11 3
Edge_7 19
Edge_19 4

Facet_0 8 1 13 5 16 4 12 PlusZ Cube_30
Facet_1 9 2 14 6 17 5 13 PlusX Cube_30
Facet_3 10 2 14 6 18 7 15 MinusZ Cube_30
Facet_0 11 3 15 7 19 4 12 MinusX Cube_30
Facet_4 16 5 17 6 18 7 19 PlusY Cube_30
Facet_0 8 1 9 2 10 3 11 MinusY Cube_30
OuterVertices 0 1 2 3 4 5 6 7 8 9 10 11 12 13 14 15 16 17 18 19 

Cell 0 0 0 Cube_2
Cell 1 0 0 Cube_1
Cell 2 0 0 Cube_3
Cell 1 0 -1 Cube_4
Cell 0 0 -1 Cube_5
Cell 1 0 -2 Cube_6
Cell 0 0 -2 Cube_7
Cell 2 0 -1 Cube_8
Cell 2 0 -2 Cube_9
Cell 1 1 -1 Cube_10
Cell 1 1 0 Cube_11
Cell 0 1 -1 Cube_12
Cell 0 1 0 Cube_13
Cell 1 1 -2 Cube_14
Cell 0 1 -2 Cube_15
Cell 2 1 -1 Cube_16
Cell 2 1 -2 Cube_17
Cell 2 1 0 Cube_18
Cell 1 2 -1 Cube_19
Cell 1 2 0 Cube_20
Cell 2 2 -1 Cube_21
Cell 2 2 0 Cube_22
Cell 0 2 -1 Cube_23
Cell 0 2 0 Cube_24
Cell 1 2 -2 Cube_25
Cell 2 2 -2 Cube_26
Cell 0 2 -2 Cube_27
Cell 1 3 -1 Cube_28
Cell 1 4 -1 Cube_29
Cell 1 5 -1 Cube_30

Connection Cube_2 Cube_1 PlusX MinusX
Connection Cube_1 Cube_3 PlusX MinusX
Connection Cube_1 Cube_4 MinusZ PlusZ
Connection Cube_4 Cube_5 MinusX PlusX
Connection Cube_2 Cube_5 MinusZ PlusZ
Connection Cube_4 Cube_6 MinusZ PlusZ
Connection Cube_6 Cube_7 MinusX PlusX
Connection Cube_5 Cube_7 MinusZ PlusZ
Connection Cube_4 Cube_8 PlusX MinusX
Connection Cube_3 Cube_8 MinusZ PlusZ
Connection Cube_6 Cube_9 PlusX MinusX
Connection Cube_8 Cube_9 MinusZ PlusZ
Connection Cube_4 Cube_10 PlusY MinusY
Connection Cube_1 Cube_11 PlusY MinusY
Connection Cube_10 Cube_11 PlusZ MinusZ
Connection Cube_10 Cube_12 MinusX PlusX
Connection Cube_5 Cube_12 PlusY MinusY
Connection Cube_11 Cube_13 MinusX PlusX
Connection Cube_2 Cube_13 PlusY MinusY
Connection Cube_12 Cube_13 PlusZ MinusZ
Connection Cube_6 Cube_14 PlusY MinusY
Connection Cube_10 Cube_14 MinusZ PlusZ
Connection Cube_14 Cube_15 MinusX PlusX
Connection Cube_7 Cube_15 PlusY MinusY
Connection Cube_12 Cube_15 MinusZ PlusZ
Connection Cube_10 Cube_16 PlusX MinusX
Connection Cube_8 Cube_16 PlusY MinusY
Connection Cube_14 Cube_17 PlusX MinusX
Connection Cube_9 Cube_17 PlusY MinusY
Connection Cube_16 Cube_17 MinusZ PlusZ
Connection Cube_11 Cube_18 PlusX MinusX
Connection Cube_3 Cube_18 PlusY MinusY
Connection Cube_16 Cube_18 PlusZ MinusZ
Connection Cube_10 Cube_19 PlusY MinusY
Connection Cube_11 Cube_20 PlusY MinusY
Connection Cube_19 Cube_20 PlusZ MinusZ
Connection Cube_19 Cube_21 PlusX MinusX
Connection Cube_16 Cube_21 PlusY MinusY
Connection Cube_20 Cube_22 PlusX MinusX
Connection Cube_18 Cube_22 PlusY MinusY
Connection Cube_21 Cube_22 PlusZ MinusZ
Connection Cube_19 Cube_23 MinusX PlusX
Connection Cube_12 Cube_23 PlusY MinusY
Connection Cube_20 Cube_24 MinusX PlusX
Connection Cube_13 Cube_24 PlusY MinusY
Connection Cube_23 Cube_24 PlusZ MinusZ
Connection Cube_14 Cube_25 PlusY MinusY
Connection Cube_19 Cube_25 MinusZ PlusZ
Connection Cube_25 Cube_26 PlusX MinusX
Connection Cube_17 Cube_26 PlusY MinusY
Connection Cube_21 Cube_26 MinusZ PlusZ
Connection Cube_25 Cube_27 MinusX PlusX
Connection Cube_15 Cube_27 PlusY MinusY
Connection Cube_23 Cube_27 MinusZ PlusZ
Connection Cube_19 Cube_28 PlusY MinusY
Connection Cube_28 Cube_29 PlusY MinusY
Connection Cube_29 Cube_30 PlusY MinusY
End of Structure

