Cube_1
Vertices:
(5 -1 6)
(7 -1 6)
(7 -1 4)
(5 -1 4)
(5 1 6)
(7 1 6)
(7 1 4)
(5 1 4)
(6 -1 6)
(7 -1 5)
(6 -1 4)
(5 -1 5)
(5 0 6)
(7 0 6)
(7 0 4)
(5 0 4)
(6 1 6)
(7 1 5)
(6 1 4)
(5 1 5)

Edge_0 8
Edge_8 1
Edge_1 13
Edge_13 5
Edge_5 16
Edge_16 4
Edge_4 12
Edge_12 0
Edge_1 9
Edge_9 2
Edge_2 14
Edge_14 6
Edge_6 17
Edge_17 5
Edge_3 10
Edge_10 2
Edge_6 18
Edge_18 7
Edge_7 15
Edge_15 3
Edge_0 11
Edge_11 3
Edge_7 19
Edge_19 4

Facet_0 8 1 13 5 16 4 12 PlusZ Cube_1
Facet_1 9 2 14 6 17 5 13 PlusX Cube_1
Facet_3 10 2 14 6 18 7 15 MinusZ Cube_1
Facet_0 11 3 15 7 19 4 12 MinusX Cube_1
Facet_4 16 5 17 6 18 7 19 PlusY Cube_1
Facet_0 8 1 9 2 10 3 11 MinusY Cube_1
OuterVertices 0 1 2 3 4 5 6 7 8 9 10 11 12 13 14 15 16 17 18 19 
Cube_2
Vertices:
(3,51400001287461 4 9)
(6,53999998569488 4 9)
(5,11800002336503 4 7,62099998354911)
(4,84599997758864 4 7,62099998354911)
(3,48700001358987 6 9)
(6,55799998521804 6 9)
(5,19900002121927 6 7,62099998354911)
(4,76499997973441 6 7,62099998354911)
(5 4 9)
(5,94600000143051 4 8,30599999189376)
(5 4 7,62099998354911)
(4,06299999833107 4 8,32399999141693)
(3,48700001358987 5 9)
(6,55799998521804 5 9)
(5,10900002360345 5 7,62099998354911)
(4,8189999783039 5 7,62099998354911)
(5 6 9)
(5,82000000476837 6 8,36899999022483)
(5 6 7,62099998354911)
(4,31499999165534 6 8,30599999189376)

Edge_0 8
Edge_8 1
Edge_1 13
Edge_13 5
Edge_5 16
Edge_16 4
Edge_4 12
Edge_12 0
Edge_1 9
Edge_9 2
Edge_2 14
Edge_14 6
Edge_6 17
Edge_17 5
Edge_3 10
Edge_10 2
Edge_6 18
Edge_18 7
Edge_7 15
Edge_15 3
Edge_0 11
Edge_11 3
Edge_7 19
Edge_19 4

Facet_0 8 1 13 5 16 4 12 PlusZ Cube_2
Facet_1 9 2 14 6 17 5 13 PlusX Cube_2
Facet_3 10 2 14 6 18 7 15 MinusZ Cube_2
Facet_0 11 3 15 7 19 4 12 MinusX Cube_2
Facet_4 16 5 17 6 18 7 19 PlusY Cube_2
Facet_0 8 1 9 2 10 3 11 MinusY Cube_2
OuterVertices 0 1 2 3 4 5 6 7 8 9 10 11 12 13 14 15 16 17 18 19 

